0.065716
0.23951
0.0286751
0.0876347
0.254965
0.187199
0.278806
0.105588
0.480753
0.421019
0.368144
0.291329
0.300068
0.418478
0.0641532
0.129079
0.259009
0.460036
0.278821
0.223298
0.1042
0.144008
0.2649
0.261618
0.395538
0.046888
0.258106
0.305381
0.129393
0.121219
0.365263
0.127287
0.301093
0.175615
0.0456179
0.0402687
0.300693
0.350824
0.237417
0.394914
0.442424
0.429122
0.341213
0.26123
0.326777
0.446664
0.469215
0.0222851
0.0724537
0.380689
0.433539
0.484616
0.157555
0.447134
0.0824503
0.0875247
0.278208
0.413229
0.191747
0.0359182
0.0509441
0.286354
0.474345
0.011885
0.197356
0.023909
0.0819255
0.176038
0.2646
0.321483
0.460906
0.230365
0.343058
0.357814
0.0263971
0.376822
0.48318
0.0795478
0.199161
0.353954
0.277782
0.230672
0.217056
0.216425
0.309362
0.0751253
0.170321
0.387556
0.251475
0.250163
0.154948
0.400884
0.144008
0.489673
0.217195
0.398221
0.420815
0.420618
0.165368
0.0729621
0.352756
0.402015
0.440088
0.347892
0.0498802
0.0863398
0.00535758
0.328239
0.061762
0.352959
0.318258
0.262758
0.259732
0.417236
0.049664
0.364468
0.345785
0.120764
0.472013
0.466684
0.346669
0.360742
0.474041
0.306036
0.181914
0.246869
0.448505
0.2386
0.474082
0.140174
0.260484
0.0374309
0.318089
0.118707
0.49965
0.250141
0.233579
0.249564
0.176441
0.488423
0.0556929
0.0130854
0.00437838
0.0845728
0.407192
0.486736
0.438477
0.375594
0.464979
0.441038
0.189737
0.353486
0.153133
0.339654
0.465341
0.194029
0.451856
0.20939
0.430139
0.0992761
0.207292
0.100074
0.395747
0.441739
0.154433
0.389556
0.319699
0.0646275
0.462027
0.464767
0.172872
0.435008
0.432448
0.131173
0.0969278
0.12746
0.486392
0.390492
0.169773
0.177179
0.264508
0.149259
0.0482212
0.421395
0.262731
0.373428
0.0992207
0.306375
0.376169
0.498925
0.00400503
0.335293
0.0284033
0.0856123
0.354191
0.313696
0.480241
0.3771
0.131646
0.455722
0.340827
0.0797951
0.178112
0.424799
0.340084
0.00297277
0.473946
0.131125
0.250534
0.0981037
0.40523
0.275047
0.167805
0.302279
0.00720043
0.257973
0.326077
0.00499519
0.0883099
0.169426
0.396191
0.406288
0.139967
0.360244
0.100254
0.435444
0.480171
0.00631481
0.217669
0.42421
0.0476691
0.414867
0.318406
0.348537
0.414337
0.243218
0.341092
0.0737188
0.368846
0.112019
0.289495
0.4001
0.157503
0.103155
0.0174186
0.376719
0.0840735
0.274455
0.101798
0.0681648
0.0587681
0.481629
0.0643314
0.432116
0.427262
0.132198
0.343565
0.251971
0.229953
0.426779
0.0243563
0.324288
0.406987
0.226211
0.362967
0.107342
0.462895
0.36109
0.472567
0.410226
0.0388239
0.241677
0.167409
0.402018
0.235394
0.357074
0.390293
0.156863
0.409802
0.259934
0.294455
0.176357
0.37449
0.4069
0.176636
0.200547
0.402835
0.175505
0.0766962
0.361646
0.385
0.431192
0.442701
0.184877
0.391887
0.138321
0.452135
0.0318064
0.352315
0.0937917
0.350923
0.364191
0.176288
0.391028
0.412126
0.194204
0.269354
0.023028
0.245611
0.401517
0.359967
0.43087
0.331878
0.248229
0.127082
0.45034
0.463339
0.317915
0.131588
0.312627
0.468793
0.197631
0.334806
0.0318892
0.346987
0.302801
0.141745
0.171773
0.182362
0.132543
0.145145
0.237912
0.0964074
0.305104
0.036528
0.438732
0.103466
0.405876
0.127708
0.256967
0.181696
0.188343
0.325643
0.37391
0.338905
0.434496
0.336285
0.171702
0.0947112
0.0293885
0.446787
0.0325586
0.384845
0.0882138
0.447558
0.28902
0.0276172
0.408758
0.146468
0.160962
0.0544224
0.0746502
0.0968457
0.0157428
0.363295
0.224702
0.243264
0.413178
0.497716
0.363768
0.0193016
0.0940451
0.279716
0.226306
0.375927
0.211876
0.204758
0.0212118
0.31465
0.436126
0.230869
0.383095
0.0131097
0.318192
0.421251
0.0415871
0.0340101
0.19944
0.346394
0.30941
0.0782015
0.0919265
0.242527
0.242217
0.188581
0.109583
0.237211
0.117523
0.195255
0.111005
0.09364
0.151723
0.313712
0.00277684
0.46214
0.394204
0.12831
0.472198
0.0784533
0.153581
0.28599
0.267616
0.417452
0.159286
0.384079
0.0457591
0.0697537
0.367213
0.20783
0.032253
0.00435188
0.0189397
0.228224
0.0214217
0.373064
0.0254935
0.109865
0.437092
0.434289
0.144907
0.42548
0.215491
0.118845
0.00915075
0.0502832
0.43152
0.126561
0.492527
0.478397
0.228197
0.132426
0.270928
0.431783
0.294766
0.26796
0.259174
0.174572
0.0397998
0.488147
0.136757
0.431611
0.321228
0.064908
0.225952
0.165075
0.112631
0.052048
0.320753
0.412473
0.404722
0.153658
0.345477
0.483049
0.134982
0.170813
0.259401
0.188275
0.404054
0.39028
0.376428
0.474475
0.496712
0.487564
0.288897
0.2713
0.254279
0.0104933
0.379137
0.152365
0.0948303
0.257553
0.116948
0.13944
0.0479157
0.195387
0.0394357
0.450945
0.408507
0.477265
0.0220013
0.125641
0.232809
0.387156
0.288963
0.20543
0.493649
0.0366323
0.203266
0.219409
0.2351
0.03516
0.303565
0.0927209
0.410312
0.111708
0.229932
0.233577
0.134952
0.262592
0.234381
0.198158
0.316293
0.390945
0.396313
0.18513
0.249087
0.222113
0.0470979
0.240432
0.00404073
0.413171
0.167974
0.191407
0.132361
0.0170205
0.45041
0.244955
0.369019
0.319156
0.448558
0.245109
0.168402
0.301575
0.131795
0.0505921
0.281662
0.387686
0.150798
0.399844
0.236851
0.233127
0.389011
0.0220614
0.426646
0.257675
0.298994
0.152666
0.106681
0.0117265
0.359644
0.328784
0.165887
0.442705
0.238848
0.0838853
0.451215
0.358308
0.110686
0.0373333
0.371136
0.0533456
0.211225
0.323934
0.350515
0.457953
0.305591
0.454206
0.122791
0.289803
0.327749
0.151164
0.482867
0.144075
0.213157
0.477339
0.242159
0.313299
0.437645
0.484291
0.431127
0.374844
0.119158
0.339056
0.479263
0.0835957
0.460001
0.477072
0.249955
0.366888
0.229408
0.129834
0.363847
0.0873934
0.197599
0.262017
0.0764692
0.193486
0.0677592
0.257402
0.408307
0.320824
0.327256
0.0372327
0.350601
0.408648
0.415932
0.378925
0.104834
0.350718
0.466234
0.465247
0.396756
0.0243427
0.145842
0.157575
0.430308
0.184471
0.117195
0.482603
0.275138
0.127923
0.234121
0.077184
0.362706
0.32555
0.410649
0.0357307
0.231479
0.273355
0.117593
0.000119711
0.490774
0.277183
0.296455
0.269597
0.265302
0.316234
0.325973
0.271209
0.374453
0.364607
0.262785
0.410909
0.419889
0.313908
0.0311868
0.457437
0.328264
0.142465
0.449409
0.394749
0.23595
0.041453
0.241601
0.193287
0.0326936
0.0286524
0.159635
0.0300052
0.260207
0.0120707
0.440987
0.255719
0.171573
0.171679
0.247571
0.28585
0.448093
0.11604
0.20292
0.173087
0.299825
0.29657
0.324935
0.196586
0.415484
0.252486
0.142512
0.0741295
0.366473
0.321604
0.35688
0.141787
0.396257
0.100026
0.323565
0.238931
0.327106
0.0379318
0.227053
0.384724
0.0303495
0.272479
0.223037
0.312669
0.229734
0.295587
0.495984
0.00980964
0.0102513
0.369116
0.353553
0.237894
0.0336133
0.0953747
0.376933
0.48724
0.273439
0.181644
0.118789
0.0481017
0.218255
0.498161
0.331245
0.300473
0.163224
0.244841
0.187365
0.266372
0.441394
0.454762
0.235679
0.00491618
0.250301
0.483448
0.362839
0.42216
0.056357
0.346969
0.48736
0.114716
0.000641003
0.46726
0.422122
0.498006
0.162272
0.0838768
0.146191
0.100239
0.00683321
0.482754
0.345578
0.342852
0.232572
0.133988
0.292477
0.393831
0.257965
0.0775449
0.0419645
0.140192
0.16344
0.231061
0.338929
0.390038
0.275721
0.384182
0.147503
0.27457
0.455497
0.0380589
0.440572
0.273367
0.150374
0.0176438
0.478963
0.27554
0.114592
0.22331
0.274016
0.25931
0.313579
0.101297
0.471943
0.238831
0.365913
0.0934605
0.45387
0.316979
0.172811
0.0775919
0.221359
0.272312
0.388852
0.23217
0.449929
0.0516132
0.301117
0.0354376
0.363036
0.273139
0.20695
0.283198
0.0512412
0.384095
0.466106
0.340982
0.112442
0.309188
0.118585
0.256376
0.227767
0.107705
0.381091
0.208357
0.0882577
0.247131
0.256969
0.418788
0.273295
0.103426
0.249348
0.253717
0.00500168
0.194423
0.0537266
0.440628
0.278449
0.382096
0.200926
0.01696
0.163133
0.244464
0.266889
0.0387331
0.214642
0.00115403
0.19771
0.0838696
0.409555
0.420202
0.447473
0.357282
0.320669
0.0650498
0.364738
0.189019
0.120501
0.1316
0.317896
0.132435
0.467105
0.390226
0.149652
0.274115
0.209066
0.149745
0.466986
0.237277
0.0740415
0.248442
0.43923
0.464866
0.267357
0.137038
0.230409
0.181233
0.427806
0.266815
0.340578
0.0873815
0.339311
0.157902
0.110717
0.256502
0.0776957
0.284358
0.142494
0.146291
0.0543922
0.135362
0.129403
0.227808
0.391725
0.325636
0.445383
0.107827
0.243693
0.342602
0.243484
0.316836
0.161066
0.327693
0.432642
0.0288263
0.214338
0.0104464
0.398433
0.0144975
0.138677
0.208748
0.0323758
0.123178
0.344072
0.204298
0.454334
0.446919
0.415687
0.0616693
0.2859
0.0948758
0.013602
0.0895398
0.165428
0.190008
0.219103
0.379885
0.155369
0.267103
0.1195
0.0204067
0.433985
0.359519
0.0657777
0.177443
0.458543
0.482393
0.115916
0.131425
0.0620918
0.0609001
0.103657
0.276213
0.106105
0.350499
0.350972
0.363947
0.317829
0.210074
0.397805
0.477327
0.321926
0.222524
0.0767783
0.0102898
0.121705
0.338528
0.0179813
0.147399
0.279066
0.0590774
0.0238767
0.277467
0.339362
0.250891
0.176167
0.382546
0.0754937
0.174721
0.0503514
0.316479
0.239772
0.256369
0.414319
0.436938
0.44553
0.267419
0.300319
0.352704
0.277295
0.441005
0.27633
0.27312
0.0247909
0.0747178
0.219189
0.0869278
0.39689
0.381146
0.0576978
0.168767
0.442087
0.0116032
0.346402
0.0527943
0.0158294
0.291236
0.431429
0.367572
0.313483
0.178936
0.0113515
0.281783
0.20768
0.0752578
0.197407
0.325658
0.167879
0.173569
0.0626109
0.425107
0.462586
0.139696
0.0411897
0.476524
0.32829
0.0521314
0.362691
0.103836
0.232478
0.242558
0.324183
0.457123
0.234616
0.113661
0.0776734
0.404262
0.378885
0.224591
0.399189
0.217675
0.208424
0.240077
0.188055
0.379968
0.354203
0.101748
0.135063
0.431147
0.133719
0.26044
0.36172
0.466671
0.180044
0.40472
0.151318
0.427052
0.368639
0.251919
0.269714
0.41133
0.203658
0.0245407
0.132224
0.18464
0.324133
0.472755
0.486769
0.102929
0.0716853
0.484363
0.1944
0.211854
0.0627661
0.227393
0.202309
0.271356
0.37683
0.00969825
0.396079
0.28258
0.304181
0.22415
0.423263
0.292228
0.413034
0.291108
0.0386952
0.0690948
0.232837
0.299497
0.286874
0.365787
0.420274
0.14862
0.000147293
0.0418613
0.211155
0.143988
0.220593
0.357321
0.0769858
0.19752
0.112214
0.0370594
0.208406
0.302271
0.328172
0.249598
0.319816
0.043745
0.253148
0.0200462
0.251535
0.383646
0.22478
0.0181833
0.320685
0.0342872
0.410277
0.0356539
0.338841
0.0578455
0.055137
0.105412
0.0447821
0.164795
0.484147
0.201425
0.304066
0.14201
0.42104
0.225357
0.14945
0.407628
0.148998
0.356681
0.229865
0.329958
0.164009
0.0654544
0.346829
0.0973882
0.226484
0.462142
0.352389
0.288643
0.254328
0.111927
0.154708
0.174682
0.427362
0.0537524
0.290276
0.272172
0.0490321
0.470584
0.31797
0.00701924
0.308516
0.0129888
0.266448
0.302101
0.452646
0.296529
0.312955
0.0835995
0.0252803
0.444028
0.206142
0.39766
0.164687
0.306876
0.00660581
0.050502
0.141138
0.153291
0.284985
0.131337
0.254077
0.148566
0.197732
0.411847
0.0330949
0.142259
0.486568
0.101251
0.0977751
0.0613419
0.0217507
0.157643
0.266678
0.0454149
0.308579
0.20603
0.375317
0.271651
0.29049
0.113902
0.321983
0.353438
0.120785
0.418321
0.477092
0.313008
0.0968089
0.131208
