0.0539558
0.00410473
0.0541558
0.0539434
0.0538231
0.0539259
0.0538277
0.0538305
0.0538186
0.0539875
0.053836
0.0540047
0.0542902
0.00403388
0.053913
0.0540198
0.00416177
0.00673336
0.0540383
0.0538634
0.00393473
0.00383203
0.054266
0.00416295
0.00391589
0.0541331
0.0540645
0.0538021
0.0539068
0.00423808
0.0540663
0.0539819
0.00420689
0.00420644
0.00392523
0.00389355
0.0538238
0.0539601
0.0538731
0.0537916
0.00388652
0.0539028
0.0538995
0.0540503
0.0540798
0.0539099
0.0540623
0.00393369
0.0539211
0.00386486
0.0038907
0.0041098
0.00389987
0.00422231
0.0539475
0.0040692
0.00403293
0.00385364
0.00387673
0.0538981
0.00413345
0.0538186
0.00389996
0.0540394
0.00399737
0.0538586
0.00455087
0.00429869
0.00396354
0.00427756
0.00390193
0.053912
0.00411243
0.0541379
0.00383747
0.00396453
0.0039124
0.0540362
0.00431005
0.00402752
0.00409443
0.00397242
0.0539438
0.00418957
0.00423609
0.00391062
0.00389799
0.00422455
0.00400693
0.00410816
0.0538115
0.00400079
0.00389504
0.00398628
0.00400692
0.00445533
0.053971
0.00409406
0.0039569
0.00390778
0.054118
0.00431744
0.0539879
0.0540269
0.0038107
0.00401511
0.00384425
0.00409908
0.00402808
0.00412388
0.00389069
0.00387539
0.00399698
0.00430772
0.00432923
0.0041347
0.00414912
0.00403729
0.00425435
0.00397797
0.00414879
0.00385476
0.0538122
0.00412433
0.00401308
0.00398841
0.00388077
0.00403788
0.0042245
0.00389944
0.00402044
0.00395915
0.00427138
0.00423635
0.00409077
0.00418464
0.00430992
0.0539085
0.00399392
0.00448817
0.00401307
0.0538019
0.054078
0.00380172
0.00409772
0.00415137
0.00380308
0.00412421
0.0538215
0.00397414
0.00390634
0.00384143
0.00399743
0.0541416
0.00387255
0.00400756
0.00382727
0.00412899
0.00408818
0.00393717
0.053869
0.00391061
0.00563653
0.00405791
0.00390524
0.0040851
0.00394602
0.0539354
0.0538084
0.00443274
0.0041627
0.0538015
0.00432106
0.00418655
0.0538086
0.0537937
0.00411982
0.0538605
0.00384745
0.00402184
0.00404203
0.0041482
0.00396311
0.0038028
0.00388852
0.00404925
0.00413436
0.0038738
0.00380193
0.0538932
0.00417951
0.00441176
0.00425044
0.00414394
0.00394016
0.00397487
0.00385733
0.00389041
0.00395324
0.00400022
0.00407774
0.00393482
0.0538243
0.00411803
0.00399227
0.0041155
0.0541474
0.0538726
0.00387147
0.00403922
0.0039727
0.00391252
0.0539109
0.00394992
0.00412311
0.00389239
0.00385105
0.00408596
0.00398423
0.0539359
0.00389383
0.00415291
0.00397725
0.0538537
0.00425319
0.00404898
0.00390693
0.00383003
0.00390013
0.00387501
0.00406139
0.00384409
0.00416914
0.0539801
0.00414389
0.00388818
0.00393683
0.00388889
0.00396324
0.00444736
0.0540136
0.00386026
0.053844
0.0538981
0.00411516
0.00435949
0.0539574
0.0540129
0.00379568
0.00383072
0.00401773
0.00391624
0.00411659
0.0540326
0.0539137
0.00383407
0.00400484
0.00401141
0.0039184
0.00380602
0.00418315
0.05381
0.00414256
0.00394467
0.0538598
0.0538094
0.0539135
0.00411378
0.00388566
0.00403204
0.00386449
0.00409299
0.0539468
0.00388612
0.00403732
0.0539422
0.00391185
0.00395572
0.00395588
0.0540358
0.00446341
0.0538546
0.00409816
0.00400056
0.0537916
0.00414621
0.003993
0.0538691
0.00384435
0.0539978
0.00391724
0.0038196
0.00398464
0.00402539
0.00394421
0.00395723
0.004211
0.00388118
0.0038844
0.00406201
0.00388091
0.00388144
0.00401436
0.00384163
0.00423182
0.00392426
0.00419826
0.00418958
0.00405601
0.0039268
0.00384659
0.00402827
0.00406255
0.00430078
0.00430656
0.00383903
0.00384321
0.00411778
0.0038506
0.0039389
0.00426795
0.0538598
0.00393867
0.0040404
0.0039523
0.00401935
0.0039182
0.00394695
0.0039621
0.00409811
0.0538292
0.00419433
0.0539151
0.0041089
0.00406345
0.00387241
0.00417635
0.00382956
0.0039934
0.00401941
0.0539082
0.00439124
0.00381005
0.003817
0.00384898
0.00419637
0.0038979
0.00397328
0.0538348
0.00397145
0.00394033
0.00394045
0.00397137
0.00410988
0.00423028
0.00403356
0.00413259
0.00384699
0.00386852
0.00389316
0.00398656
0.00386838
0.00404307
0.00388809
0.00470506
0.0539866
0.00397019
0.00383861
0.00390416
0.00428062
0.00389694
0.00383695
0.00392432
0.00397266
0.00402299
0.00389251
0.00403514
0.0040349
0.00423856
0.00399276
0.0040191
0.00430437
0.00399487
0.00400574
0.00396745
0.00421311
0.00383322
0.00411874
0.00388374
0.00427893
0.00407798
0.00406387
0.00390814
0.00402111
0.00415205
0.00430918
0.00383294
0.0538387
0.00384333
0.0539218
0.00389806
0.00387355
0.00398917
0.00390176
0.00395939
0.00388844
0.00399808
0.00389169
0.00393899
0.00418227
0.00396
0.00394294
0.00401561
0.0041125
0.0539045
0.00394127
0.0538388
0.0039107
0.00385314
0.0538341
0.0038432
0.00426865
0.00384923
0.00394798
0.00382173
0.0039778
0.0538133
0.00392363
0.00393909
0.00406295
0.0539449
0.00392452
0.00417916
0.00476935
0.00400969
0.00405435
0.00390729
0.00398179
0.00412545
0.0539184
0.00386281
0.00405297
0.00403284
0.00398499
0.00392073
0.00389948
0.00395931
0.00393792
0.00395863
0.00409439
0.00404757
0.00397268
0.0539167
0.00403239
0.00410868
0.0042145
0.00393267
0.00406461
0.00419764
0.00388406
0.00390146
0.00386023
0.00404577
0.00410577
0.00391003
0.0040706
0.00394186
0.00393327
0.00398903
0.0038659
0.00382487
0.00390619
0.00419352
0.00417219
0.00388255
0.00395945
0.00433686
0.00401984
0.00384938
0.00383902
0.00401079
0.00396822
0.00387288
0.0039871
0.00476227
0.00414644
0.00411189
0.00390387
0.00384384
0.00407759
0.00399867
0.00395571
0.00394056
0.00385822
0.0041252
0.00398233
0.00394606
0.00408713
0.053951
0.00401702
0.00417645
0.00382292
0.00416912
0.00393168
0.00385262
0.00403577
0.00426066
0.00407017
0.00399126
0.00392036
0.00401245
0.00383211
0.00422196
0.00404609
0.00394151
0.00398059
0.00391654
0.00384994
0.00395898
0.00397411
0.00432543
0.00384576
0.00402143
0.00384433
0.00397802
0.00406241
0.00391671
0.00420624
0.00409162
0.0038492
0.00398793
0.0039404
0.00403043
0.00396111
0.00399638
0.00398512
0.00388379
0.00402216
0.00387862
0.00397494
0.00390668
0.00387663
0.00391261
0.00411953
0.00387701
0.00400597
0.00387246
0.0040805
0.00385261
0.00395145
0.00389072
0.00408651
0.0040025
0.0041761
0.00381976
0.00396777
0.00411176
0.00392912
0.00398087
0.00411078
0.0038598
0.00383187
0.00381479
0.00391982
0.00382162
0.00393149
0.00419394
0.00389571
0.00414176
0.00393534
0.00393722
0.00409672
0.00391156
0.00397288
0.00385381
0.0539785
0.00391892
0.00390713
0.00394968
0.00395661
0.00420387
0.00380637
0.00382307
0.00396399
0.00402666
0.00393223
0.00409397
0.00402486
0.00413366
0.00396712
0.00395103
0.00396967
0.00398019
0.00420961
0.00413402
0.00384501
0.0039272
0.00393676
0.0040756
0.00397522
0.00395039
0.00399122
0.00409934
0.0040621
0.00425595
0.00411692
0.00400078
0.00392707
0.00392522
0.00406334
0.00433823
0.00386255
0.00380805
0.00420891
0.00399019
0.00418293
0.00387197
0.0538234
0.00416551
0.0538978
0.00390245
0.00400769
0.00400874
0.0538925
0.00418893
0.00399912
0.00402879
0.00404145
0.00388394
0.0539306
0.00403594
0.00394337
0.00390998
0.00382679
0.00404416
0.00397505
0.00388235
0.00382446
0.00389056
0.00432649
0.00394081
0.00419324
0.00423362
0.00395132
0.00391894
0.00391246
0.0040137
0.00398962
0.00396623
0.00394368
0.00392024
0.00393424
0.00401593
0.00389312
0.00451717
0.00393459
0.00411255
0.00395194
0.00408121
0.00413446
0.00390113
0.00408901
0.00383143
0.00397561
0.00384342
0.00404533
0.00419845
0.0039981
0.00383949
0.00408745
0.00383585
0.00422392
0.00392471
0.0038569
0.00407667
0.00382881
0.00388989
0.00382145
0.00397702
0.00411949
0.00391552
0.00415146
0.00397263
0.0039592
0.00407212
0.00447073
0.00457693
0.00393129
0.00400387
0.0039263
0.00386968
0.00394745
0.00389836
0.00397951
0.00398462
0.00380991
0.0038353
0.053817
0.0040614
0.00392444
0.00385231
0.00413821
0.00395635
0.00404263
0.00387692
0.00382622
0.00398787
0.00412215
0.00399692
0.00418248
0.00432244
0.00397478
0.00415051
0.00393483
0.0040733
0.00381314
0.00393049
0.0039365
0.00389541
0.0538891
0.00400499
0.00389571
0.00411052
0.00390515
0.00383636
0.00396328
0.0539679
0.00386126
0.00425575
0.00426767
0.00412715
0.00402689
0.00399526
0.00389203
0.00382616
0.00391691
0.00411616
0.00388252
0.00385644
0.0038522
0.00397044
0.00383453
0.00402447
0.00385829
0.00406487
0.00419811
0.00388773
0.00418211
0.00398903
0.00420177
0.00388496
0.00392523
0.00399004
0.00391091
0.00395555
0.00414489
0.00401408
0.00440003
0.00397445
0.00415455
0.00387364
0.00390314
0.00406377
0.00393169
0.00394356
0.00393625
0.00392653
0.00389052
0.00413299
0.00398705
0.00392837
0.0038787
0.00384878
0.00397924
0.00402334
0.00394157
0.00383534
0.00401106
0.00406884
0.00408083
0.00391576
0.00386983
0.00398328
0.00412803
0.00391544
0.00392657
0.00382501
0.00421562
0.00399086
0.00389026
0.00382291
0.00396499
0.00403788
0.00402048
0.00401566
0.00422756
0.00390822
0.00401679
0.00391025
0.00419979
0.00401745
0.00400277
0.00400848
0.00387434
0.00398318
0.00413158
0.00396361
0.00390696
0.0040796
0.00394896
0.00381336
0.00390365
0.00393049
0.00396111
0.00470303
0.00399982
0.00386839
0.00393186
0.00393083
0.00429855
0.0039472
0.00385347
0.00459012
0.00390574
0.00435562
0.00415968
0.00398252
0.00398219
0.00394543
0.00415087
0.00409868
0.00409542
0.00385353
0.00394512
0.00393949
0.00467056
0.00402322
0.00393567
0.00398374
0.00385267
0.00399898
0.00426482
0.0041698
0.00403107
0.00383972
0.00386222
0.00409791
0.00418249
0.00404011
0.00392808
0.00396678
0.00399658
0.00397463
0.00400603
0.0038436
0.00405599
0.00390295
0.00412902
0.00391172
0.00386393
0.00425771
0.00391371
0.00390003
0.00405145
0.00388326
0.00384253
0.00388289
0.00397758
0.00412153
0.00388405
0.00398436
0.00387737
0.00411803
0.00396821
0.00397226
0.00384872
0.00402282
0.00396953
0.00391406
0.00387141
0.00402855
0.00384378
0.0041381
0.00419349
0.0538477
0.00385712
0.00418317
0.00386633
0.00391495
0.00388518
0.00423647
0.00393085
0.00409825
0.00383032
0.00416845
0.00392191
0.00424346
0.0040634
0.00397752
0.00408214
0.00415987
0.00405769
0.00384997
0.00402129
0.00398307
0.00414697
0.00396455
0.00386938
0.00407709
0.00385009
0.00388883
0.0039243
0.00404511
0.00399879
0.00405246
0.00389088
0.0041223
0.003814
0.00383471
0.00384858
0.00390787
0.00385156
0.00404324
0.00408524
0.00403898
0.00387495
0.00415697
0.0038626
0.00402941
0.00396925
0.00384421
0.00392496
0.00396686
0.00403967
0.00407556
0.003885
0.00398927
0.00423584
0.00396739
0.0043001
0.00403595
0.00395213
0.00383402
0.00392094
0.00411863
0.00421147
0.00415601
0.00408063
0.00396275
0.00398649
0.00400627
0.00406643
0.00389602
0.00392362
0.00385997
0.00398823
0.00396544
0.00382699
0.00411259
0.00385592
0.00386875
0.00396332
0.00421749
0.00401931
0.00450568
0.00382939
0.00403324
0.00404915
0.00409646
0.00393674
0.00389074
0.00386531
0.00386976
0.00382807
0.00400479
0.00385322
0.00383811
0.00390433
0.00398954
0.00418463
0.00380642
0.00409963
0.0040272
0.00381613
0.00398468
0.00438235
0.00387325
0.00383018
0.00406462
0.00409256
0.00405891
0.00391238
0.00388461
0.00421382
0.00403227
0.00391974
0.00398665
0.00386228
0.00388697
0.00389356
0.00380992
0.00430434
0.00394516
0.00384493
0.00405022
0.00410653
0.00387664
0.0038515
0.00385459
0.00385899
0.00423036
0.00395464
0.0038426
0.00395357
0.00393856
0.0040385
0.00385866
0.00385386
0.00400348
0.00401886
0.00404426
0.00383992
0.00408701
0.00415886
0.00409213
0.00403737
0.00408177
0.00417128
0.00408478
0.00404057
0.00385146
0.00412428
0.00412272
0.00398062
0.00407886
0.00393346
0.00411994
0.00414663
0.00394232
0.00383991
0.00414648
0.00387501
0.00387758
0.00386782
0.00387355
0.00391112
0.00401335
0.00383544
0.00393539
0.00383894
0.00403624
0.00402645
0.00404093
0.00410352
0.00396571
0.00394254
0.00394041
0.00404578
0.00397621
0.00394702
0.00391303
0.00404727
0.00408751
0.00424632
0.00394265
0.00418582
0.00382012
0.0039296
0.00396069
0.00411957
0.00416817
0.00386734
0.00382928
0.00390982
0.00401579
0.0039795
0.00398232
0.00400886
0.00390865
0.00394185
0.00403794
0.00408346
0.00399253
0.00385947
0.00407897
0.00398207
0.00383318
0.0039169
0.00393243
0.00385626
0.00392972
0.00452599
0.00392338
0.00395234
0.00393767
0.00383993
0.00433454
0.0041169
0.00408871
0.00398647
0.00398667
0.00405663
0.00395557
0.00394684
0.00385935
0.00412328
0.004092
0.0041203
0.00410906
0.003828
0.00399534
0.00428784
0.00387122
0.00419866
0.00392877
0.00414185
0.00390074
0.00416889
0.00387084
0.00394417
0.00385452
0.00395495
0.00404895
0.00385522
0.00389028
0.00388836
0.00391697
0.00386227
0.00392566
0.00430501
0.00401868
0.00397563
0.00398239
0.00393192
0.00383572
0.00385364
0.00399661
0.00388544
0.00431228
0.00400093
0.00382714
0.00386578
0.00388571
0.00398515
0.0039824
0.00386426
0.00388386
0.00395714
0.00402299
0.00386285
0.00390191
0.00388134
0.00394003
0.00426143
0.00417745
0.00384934
0.00409425
0.00384093
0.00384528
0.00388702
0.00395285
0.00394153
0.00401072
0.00399969
0.00407913
0.0038746
0.00425657
0.004232
0.00409948
0.003884
0.00409566
0.00411701
0.00403319
0.00410812
0.00391299
0.00398439
0.00426939
