535.011
344.687
509.771
497.115
534.612
583.06
602.825
515.853
556.508
590.362
554.55
589.669
571.396
353.986
495.421
561.89
351.134
327.059
531.768
535.003
349.525
352.143
567.58
347.066
349.172
609.442
528.136
532.993
643.195
356.137
503.461
569.393
343.272
347.426
349.795
349.878
546.311
592.867
639.022
550.614
347.593
563.665
534.296
623.198
622.326
579.363
664.193
352.166
538.101
349.373
347.053
355.586
351.542
348.525
667.579
344.597
347.976
350.177
348.716
567.944
356.599
585.288
348.29
635.641
354.185
642.815
348.169
358.198
349.81
349.429
351.692
657.603
346.119
587.195
351.763
348.9
347.552
592.253
344.666
346.473
345.853
354.372
570.685
344.47
346.105
347.876
349.598
343.269
350.487
347.779
636.815
348.143
346.861
350.798
354.7
357.96
622.445
344.662
351.817
346.671
666.799
343.614
535.665
613.712
350.556
345.747
352.575
347.871
346.549
347.067
347.444
352.704
348.837
345.435
343.233
348.058
355.002
354.636
346.622
349.149
346.707
351.512
562.452
352.807
349.896
348.008
348.003
355.174
349.922
353.005
346.014
354.102
344.221
357.349
353.933
345.48
348.209
658.946
354.787
356.878
347.442
558.256
668.774
350.471
347.888
351.426
350.887
346.473
494.064
353.938
346.788
349.404
350.923
606.001
348.016
346.567
350.013
348.811
348.178
348.516
639.941
352.236
332.866
344.83
352.295
347.651
350.276
613.846
654.688
359.116
356.143
663.548
351.469
350.117
585.063
521.254
347.239
569.81
350.776
352.313
349.857
347.738
349.924
351.523
348.857
350.95
352.041
349.25
350.273
534.687
347.481
359.375
354.342
344.246
349.702
354.257
353.11
351.041
349.893
353.995
348.038
352.514
528.534
346.995
346.654
355.512
601.261
659.55
352.346
346.413
346.717
352.986
633.827
347.308
345.639
351.765
349.962
346.425
345.27
663.459
351.789
355.337
350.111
636.56
354.158
345.387
353.003
351.327
348.479
348.523
355.431
349.242
345.184
580.068
356.272
348.342
347.303
348.94
353.843
347.379
667.262
352.353
614.859
584.898
347.579
357.538
570.873
647.612
350.563
350.164
353.095
353.118
346.931
665.817
505.708
351.9
352.421
351.298
352.328
350.083
347.885
578.578
347.016
346.328
581.172
586.35
637.34
352.658
351.839
349.646
350.966
349.011
612.328
352.25
348.549
664.067
349.392
353.938
354.212
555.938
353.132
540.074
348.75
349.369
543.479
351.807
353.423
547.968
350.113
586.198
348.934
350.608
347.211
355.035
347.009
346.372
343.137
352.701
348.94
351.779
353.235
349.41
349.534
351.003
356.964
346.618
349.992
351.917
355.001
348.812
349.99
354.518
346.672
346.422
349.958
351.108
350.915
345.32
350.156
352.429
352.88
643.583
348.994
355.555
346.813
350.427
352.749
351.701
350.804
350.043
627.226
348.735
630.666
355.534
351.642
350.666
344.247
351.028
350.968
347.219
591.541
357.231
351.128
351.648
348.768
343.68
352.336
349.277
664.545
350.552
350.283
349.286
348.293
349.788
347.989
345.572
348.927
348.345
351.508
352.053
348.936
347.81
354.791
350.028
360.537
602.083
347.772
351.501
350.081
350.81
347.332
351.707
350.683
349.686
349.623
349.055
354.91
351.262
349.532
350.629
347.031
346.371
346.032
346.918
352.603
343.484
351.015
344.988
350.787
355.998
354.732
355.113
350.385
346.997
349.041
348.027
352.202
549.06
348.752
620.084
352.188
352.456
348.071
348.17
347.524
347.991
352.143
352.806
353.576
345.328
349.379
353.225
354.281
354.52
628.991
353.447
523.559
352.831
348.727
635.875
352.527
344.629
351.796
353.725
351.834
348.344
551.758
351.575
346.769
355.57
650.137
346.213
356.266
341.428
352.034
355.486
347.369
349.127
348.564
626.325
350.27
345.803
349.56
354.458
348.29
352.716
352.374
353.396
346.541
352.512
348.348
346.567
509.299
345.943
350.149
350.071
348.656
353.625
345.997
350.787
348.707
349.192
351.811
349.335
353.716
344.487
352.284
351.993
348.725
351.665
349.585
351.027
343.672
350.122
349.327
352.724
344.165
353.885
348.56
348.686
348.768
346.467
348.29
349.041
347.65
348.934
345.62
353.52
352.145
348.633
349.149
351.964
347.018
350.671
355.989
348.245
354.045
352.265
509.178
344.926
348.491
351.311
348.914
346.357
352.871
347.343
357.501
355.375
346.942
346.793
351.818
350.902
349.404
355.102
352.98
353.939
352.665
348.015
348.978
353.598
346.352
349.08
354.668
349.089
349.368
347.549
350.652
357.261
347.91
349.494
352.615
347.78
348.982
347.083
354.238
349.066
347.494
353.136
349.08
346.879
348.459
349.279
346.526
346.011
348.657
348.235
351.844
351.851
351.108
353.981
350.943
344.842
354.472
355.763
349.554
352.597
356.403
348.613
346.599
355.447
349.363
349.994
349.459
352.804
351.362
351.017
345.394
352.524
351.151
353.955
351.517
344.779
347.722
352.692
351.527
528.45
348.259
349.013
353.597
349.274
343.008
351.104
349.465
349.715
351.055
353.982
345.699
352.761
344.682
352.179
347.137
354.613
346.974
344.38
346.518
348.469
352.7
351.486
349.925
350.386
354.399
354.18
352.661
354.874
349.238
352.181
352.319
350.212
351.57
347.292
341.148
349.187
351.714
344.817
347.324
343.415
349.535
522.782
353.379
649.068
352.387
354.468
346.436
506.333
354.083
348.816
355.45
355.259
352.072
666.38
355.181
346.336
352.575
351.988
351.742
354.037
350.708
348.978
348.756
358.662
347.69
347.829
355.717
351.707
353.588
350.127
351.022
349.134
353.356
353.925
353.048
351.03
347.062
347.97
360.091
346.736
354.632
350.906
348.187
348.95
352.355
356.098
349.659
346.283
348.871
350.375
354.646
350.003
349.481
353.548
348.618
347.826
353.377
348.09
352.969
352.409
349.067
349.621
350.59
347.163
350.532
345.973
354.546
351.702
352.452
340.866
360.748
351.341
352.93
353.658
349.985
347.684
350.286
354.011
349.41
350.845
350.357
652.972
353.291
354.161
348.712
344.475
349.43
354.715
350.101
351.218
350.917
352.822
354.406
345.855
342.22
349.241
355.307
347.4
345.363
350.226
352.553
352.61
350.4
630.32
348.176
347.026
354.733
350.114
348.777
353.382
633.852
348.68
353.732
357.707
345.188
349.882
354.592
352.806
349.441
346.851
355.46
349.924
351.691
348.245
350.423
349.318
351.103
351.38
355.753
347.38
347.299
352.309
352.315
349.867
352.024
353.211
354.032
349.437
346.357
345.736
351.009
357.67
354.402
356.064
351.067
348.172
344.717
349.319
349.223
349.283
351.949
347.169
352.583
353.929
352.113
351.807
351.698
353.834
352.925
347.603
349.537
350.598
347.256
352.23
353.976
351.581
345.99
346.183
348.7
350.454
352.018
350.498
352.093
352.379
352.148
346.616
350.392
348.182
353.204
343.396
353.359
349.213
350.517
355.044
347.832
354.353
354.158
352.63
350.425
350.948
348.832
353.11
348.513
346.454
351.339
353.522
353.911
350.861
345.539
346.117
352.045
346.874
352.057
342.911
353.011
352.802
341.811
349.393
342.362
354.077
349.845
348.2
349.423
345.883
346.493
348.088
351.797
354.172
352.418
354.126
348.778
346.124
353.751
348.111
350.989
342.945
353.503
350.273
351.758
350.572
350.716
343.875
352.289
348.612
346.685
348.97
350.585
352.224
351.55
355.772
352.965
345.537
350.873
351.348
343.059
350.459
352.584
350.959
352.589
349.083
351.152
349.61
346.249
349.32
354.241
349.785
355.633
354.741
348.308
349.691
354.312
350.121
347.136
352.582
350.638
350.975
348.576
356.672
642.376
347.868
356.867
349.608
350.174
350.336
346.744
353.312
346.131
352.493
349.412
350.116
348.388
355.697
346.493
351.71
351.357
354.73
348.804
353.57
350.893
347.156
349.074
347.809
354.81
347.987
352.508
353.03
355.321
348.445
344.939
347.102
345.284
349.441
351.001
350.234
353.044
352.533
347.35
348.115
346.382
351.73
344.324
349.277
348.404
349.303
349.196
347.118
349.882
350.58
344.839
353.332
350.282
348.402
349.289
350.161
355.026
346.668
350.498
350.723
350.785
345.448
356.022
351.686
352.309
352.892
354.714
351.596
348.544
352.972
349.957
353.345
353.448
349.107
346.976
350.785
351.253
351.808
350.36
347.821
356.721
348.81
355.12
348.167
352.312
353.219
349.532
349.71
349.518
350.247
349.23
351.308
349.105
353.787
354.827
343.72
351.345
354.852
345.843
349.579
353.851
354.319
348.725
350.507
345.548
345.835
352.185
347.66
349.191
355.158
350.638
347.019
353.264
351.822
348.279
348.521
350.792
342.68
351.83
348.523
347.109
355.569
347.469
350.671
350.692
348.558
344.335
347.888
349.073
352.716
349.243
352.642
352.394
348.861
347.989
351.39
347.267
348.962
352.064
348.545
348.254
345.832
347.716
343.587
344.975
348.709
350.734
344.421
346.344
346.57
346.701
349.842
348.456
346.34
350.371
350.485
356.143
347.338
347.861
348.974
349.873
347.432
353.094
349.772
347.076
349.765
350.652
347.301
351.623
345.277
352.429
349.919
352.996
348.275
348.753
349.902
348.781
353.904
353.375
345.028
347.96
356.093
349.84
353.499
352.47
345.403
345.197
350.501
349.561
349.481
347.398
348.477
354.298
350.892
353.028
348.965
347.254
348.076
353.265
350.21
344.562
350.576
349.404
351.601
351.126
350.252
348.593
359.764
351.792
349.552
349.532
348.643
346.514
346.683
355.87
352.835
349.96
347.681
352.21
352.685
349.591
344.071
351.907
352.549
344.192
349.422
348.13
344.279
348.738
354.018
353.703
353.003
348.202
344.393
349.372
354.241
352.576
354.457
351.458
352.088
347.241
351.836
346.343
348.007
350.76
354.926
350.39
345.46
354.33
352.416
351.455
351.628
349.463
352.234
357.778
350.837
350.568
352.023
352.244
346.356
353.869
348.974
352.918
354.489
345.856
349.158
348.286
351.041
346.078
345.603
350.578
352.511
352.667
349.334
348.309
352.405
353.671
347.419
346.377
354.79
345.27
352.577
355.792
346.815
353.684
348.906
347.006
345.793
349.356
346.846
347.725
352.205
342.954
