670.428
656.938
668.596
670.404
668.667
670.373
668.677
668.682
668.657
670.486
668.694
670.518
671.035
658.19
668.848
669.058
656.107
651.933
670.58
668.748
657.691
657.066
667.974
658.077
656.608
668.55
669.146
668.624
670.336
658.856
669.15
670.477
656.199
655.459
657.518
657.383
668.668
668.94
668.767
668.604
656.773
668.828
670.323
670.602
670.656
668.84
670.23
657.643
668.863
657.202
656.699
657.613
657.721
655.572
670.414
656.777
656.478
656.865
657.184
670.32
657.711
668.657
656.935
670.583
657.925
668.739
654.433
657.917
657.845
658.979
657.508
670.347
654.737
670.762
657.149
657.727
656.884
669.091
654.574
656.262
656.468
657.239
668.908
655.059
658.044
656.929
657.377
654.944
658.1
656.024
668.643
657.624
656.68
656.15
657.327
659.428
668.961
656.159
657.991
656.699
668.521
655.526
668.996
670.559
657.039
656.915
657.052
655.971
657.381
657.943
657.039
657.223
656.33
654.617
655.468
654.925
658.712
657.598
655.745
657.818
655.034
656.81
668.645
658.798
658.062
657.667
657.098
657.288
655.352
656.666
656.146
657.281
655.453
658.032
658.598
655.193
654.505
670.339
657.166
659.747
657.536
668.624
670.654
656.99
658.051
655.854
657.009
657.778
668.664
657.487
656.965
656.756
656.204
670.768
657.063
657.309
657.087
654.772
655.911
657.421
668.76
657.511
654.726
656.809
657.731
655.875
657.822
670.391
668.638
658.688
656.667
668.623
655.437
654.775
668.638
668.609
656.048
668.743
656.839
658.294
658.176
655.042
656.129
656.973
656.944
656.579
658.793
657.23
656.981
668.808
655.268
657.87
656.279
656.936
657.576
657.321
656.982
657.451
657.81
657.645
658.01
657.612
668.67
656.019
657.273
658.161
668.578
668.766
657.271
657.386
656.603
656.788
670.345
656.595
655.87
657.686
656.842
656.543
656.656
670.393
657.693
658.638
656.207
668.729
659.32
656.628
656.731
656.68
657.254
657.148
657.825
657.091
656.01
670.473
657.969
657.182
657.201
656.951
656.684
659.032
669.047
657.202
668.709
670.32
656.051
659.021
670.432
669.046
656.964
656.745
656.617
656.749
654.793
669.084
670.35
657.115
658.213
658.199
657.545
656.989
658.353
668.64
654.99
656.78
668.742
668.64
668.85
656.433
657.413
656.558
656.927
655.96
670.413
656.858
656.542
668.904
656.601
657.744
657.194
670.576
654.749
668.73
658.226
656.371
668.604
658.818
658.07
668.76
656.814
669.015
657.393
657.087
656.135
657.759
656.925
656.843
656.166
657.259
656.929
656.437
657.105
657.281
656.454
656.791
658.23
656.997
655.025
655.932
657.986
657.417
657.177
658.008
656.47
658.346
659.17
657.198
656.807
657.349
657.21
657.644
655.888
668.742
657.493
657.029
656.922
656.456
656.93
656.653
657.945
655.909
668.679
655.351
670.352
656.724
658.443
657.347
656.389
657.147
656.16
657.512
668.837
659.328
657.041
657.045
657.065
657.051
657.69
657.819
668.691
657.959
657.634
657.685
657.531
656.034
655.631
656.119
654.773
656.688
656.897
656.956
657.822
656.721
657.56
657.375
659.684
668.992
656.115
656.706
657.451
655.48
656.777
657.153
657.593
656.201
658.069
657.297
657.428
658.293
658.861
656.237
656.299
658.342
657.117
657.389
658.026
656.902
657.166
656.358
657.408
656.62
658.243
657.537
657.673
656.307
658.479
654.528
657.06
668.699
656.707
670.365
657.702
656.702
656.246
656.927
657.338
656.84
658.185
656.704
657.386
655.158
657.633
657.521
656.861
658.623
670.333
657.776
668.7
657.415
657.079
668.689
657.056
655.54
657.214
657.392
657.051
657.566
668.648
657.622
657.094
657.765
670.409
656.668
658.228
653.784
658.234
657.747
656.832
657.831
654.793
670.357
656.918
656.264
656.561
657.739
657.317
656.801
657.996
656.771
656.888
656.339
656.59
656.954
670.355
657.229
655.97
655.168
657.42
658.415
657.885
657.409
657.292
657.161
656.278
658.353
657.106
656.746
657.916
657.881
656.278
656.856
656.684
657.528
657.037
658.716
656.955
657.976
657.701
658.134
656.722
656.68
657.893
657.133
657.106
657.84
653.786
654.912
657.421
657.155
657.137
655.858
657.902
656.639
656.911
656.901
657.466
657.568
657.209
656.424
670.42
656.683
655.229
657.103
655.123
656.961
657.028
657.7
658.117
657.424
656.14
656.778
658.237
657.159
655.488
657.874
657.57
656.781
657.482
656.963
657.716
657.934
658.403
657.082
657.895
656.744
656.235
656.589
657.735
657.134
655.924
657.141
658.124
657.311
658.006
656.615
657.5
657.836
656.745
656.63
656.915
656.645
657.28
657.247
656.688
655.909
656.869
656.352
656.863
658.527
656.845
657.292
657.449
656.628
657.42
658.624
657.008
658.028
657.012
657.4
657.215
656.824
656.843
656.744
656.974
656.924
657.095
657.833
657.632
657.663
655.913
657.173
657.89
656.203
656.908
658.047
656.8
668.977
657.304
657.358
656.733
657.606
654.754
657.022
657.014
657.837
656.394
657.133
656.43
658.296
657.197
656.648
657.225
657.071
657.303
655.995
654.92
656.691
657.538
657.886
658.319
656.157
657.038
656.7
656.273
656.835
655.774
658.734
658.197
657.734
657.632
657.787
654.758
657.171
656.984
656.107
656.177
654.753
656.921
668.667
656.335
670.32
656.933
657.893
656.16
668.807
659.043
656.34
656.996
657.256
656.888
668.882
657.766
656.777
657.46
657.059
656.297
657.446
657.398
656.97
656.946
657.774
656.602
655.372
658.969
657.962
657.239
657.493
656.304
656.301
657.934
657.262
657.422
657.844
657.462
657.146
657.05
656.83
658.603
657.911
655.869
654.786
656.933
657.659
657.075
656.899
656.719
658.247
659.027
658.011
657.095
658.618
656.985
658.478
656.656
657.006
658.592
656.99
657.287
657.023
656.128
656.041
656.635
655.013
657.137
657.997
658.519
655.235
658.016
656.628
656.595
657.262
656.941
656.634
657.444
656.716
656.276
657.045
657.149
668.655
658.437
656.965
656.75
654.744
657.77
656.776
657.33
657.125
656.129
656.39
657.846
655.22
655.104
656.214
658.634
657.213
656.255
657.033
657.843
657.87
657.439
668.8
657.647
656.972
658.439
657.46
656.675
657.914
670.45
657.11
659.345
658.023
656.448
656.528
657.749
657.303
656.681
657.022
656.866
657.337
656.789
657.006
657.942
656.712
658.235
656.851
657.109
655.398
656.729
659.001
658.141
655.134
657.393
657.412
656.804
657.419
657.055
656.003
658.185
659.203
657.69
656.666
657.372
656.933
656.795
657.502
657.544
657.667
657.621
656.719
658.827
657.937
657.856
656.912
656.736
657.914
658.278
656.595
657.08
656.375
656.586
656.383
656.998
657.342
656.856
654.854
657.353
657.586
657.043
658.928
658.153
657.377
657.008
657.158
658.218
657.825
658.216
657.041
657.253
656.462
657.696
658.97
657.632
656.678
656.887
657.233
656.207
655.913
656.137
656.671
655.869
656.829
657.05
657.153
657.161
657.946
653.588
657.159
657.295
656.844
657.637
655.929
657.596
657.054
657.495
657.391
656.42
658.91
656.257
656.211
657.725
655.004
655.857
655.955
657.238
657.128
657.648
660.591
656.476
656.693
657.626
656.686
658.119
656.303
656.251
656.542
656.663
656.923
658.495
654.879
658.376
657.395
657.182
656.335
656.113
658.221
656.73
657.012
656.715
657.455
657.733
656.888
655.056
657.705
656.855
658.334
657.296
657.068
657.419
656.231
655.957
657.285
657.825
657.299
656.725
656.97
657.66
656.814
658.043
656.156
657.073
657.226
656.489
656.806
654.905
657.562
668.718
656.674
657.291
657.233
656.64
657.386
655.635
657.42
657.52
656.98
654.974
657.535
658.65
657.699
656.957
658.558
655.983
656.92
657.074
658.198
658.044
658.046
657.615
657.015
658.208
656.656
657.345
656.861
657.763
657.79
656.997
656.708
657.353
656.968
656.749
656.84
657.345
657.11
657.728
655.893
656.304
657.363
656.333
657.18
656.492
657.807
657.088
656.863
656.157
656.571
656.878
657.097
656.27
655.672
656.17
659.182
657.838
657.12
657.151
657.761
655.862
655.358
656.736
658.516
658.016
658.099
657.313
656.538
656.95
656.883
657.238
658.055
657.914
656.995
654.764
656.886
657.35
658.02
658.917
656.387
656.232
656.978
657.774
657.929
656.484
656.866
657.336
657.237
657.24
656.732
656.393
657.268
657.049
657.014
657.101
656.646
657.01
658.335
656.146
656.993
657.942
659.577
657.168
656.747
656.258
656.455
656.2
657.171
656.953
659.016
656.514
656.82
658.058
657.285
656.873
657.231
657.044
656.35
656.601
657.014
657.603
656.662
656.706
657.247
656.88
657.083
657.402
657.392
657.067
657.947
657.524
658.364
657.183
656.771
657.607
656.226
657.711
656.708
658.606
655.083
655.94
657.214
655.857
654.735
656.955
656.57
656.862
657.078
654.829
657.207
657.608
657.721
654.761
656.107
657.649
656.8
657.542
656.677
657.06
656.851
656.952
656.859
658.215
656.751
657.147
657.12
658.239
656.372
658.346
656.369
658.027
657.608
657.849
657.939
656.205
657.785
657.353
658.278
658.628
657.732
656.642
658.361
656.674
657.7
658.001
654.743
655.05
657.314
656.706
656.595
656.324
656.21
657.358
656.3
656.732
657.503
656.426
658.038
658.09
657.256
656.801
658.007
657.056
657.8
657.655
657.245
656.641
658.531
657.836
657.769
657.705
656.681
658.481
654.793
657.237
658.102
656.279
657.855
657.985
657.654
657.199
656.113
658.614
656.571
656.791
657.033
656.285
655.553
656.847
659.092
657.259
656.452
657.217
657.221
657.229
657.082
657.118
657.04
658.368
656.685
656.995
657.665
656.666
656.716
657.603
656.239
656.456
656.677
657.778
657.86
657.166
657.253
656.349
657.37
658.328
658.114
657.122
657.284
657.37
656.955
656.847
656.833
657.225
657.038
656.128
657.169
657.235
657.408
656.701
657.967
658.799
657.1
656.208
657.085
656.984
656.817
657.796
657.245
656.161
657.69
656.258
657.246
659.074
655.608
658.664
656.925
655.887
655.863
656.558
655.948
657.187
658.121
656.323
