0.197808
0.188507
0.0516262
0.074071
0.0494514
0.049723
0.0800891
0.386445
0.383313
0.419536
0.403923
0.269264
0.182142
0.440841
0.127491
0.1234
0.0573485
0.0687388
0.0602445
0.0461145
0.0732447
0.116778
0.352981
0.0625571
0.372458
0.319698
0.0714402
0.101273
0.421281
0.0474669
0.0814275
0.121285
0.00470375
0.38237
0.0729406
0.0646822
0.27743
0.352318
0.0912901
0.0694021
0.160259
0.384407
0.00300504
0.104244
0.0548963
0.150237
0.0495377
0.00856446
0.0762043
0.293992
0.00118244
0.08389
0.0545814
0.0714567
0.147323
0.413323
0.0523177
0.104515
0.296166
0.260294
0.452821
0.243406
0.00262711
0.454676
0.445533
0.0575139
0.369128
0.0820425
0.0732306
0.425321
0.463362
0.0559178
0.396264
0.379763
0.467176
0.178382
0.0464973
0.462408
0.0782738
0.297062
0.346294
0.366471
0.0646347
0.390367
0.00466832
0.168834
0.356283
0.322972
0.0696202
0.32433
0.349082
0.0561195
0.0852201
0.0482396
0.0452517
0.220019
0.0623083
0.0135199
0.104765
0.0946084
0.420651
0.345761
0.407058
0.228984
0.0622065
0.00708618
0.0564532
0.381699
0.472733
0.0967783
0.110271
0.205607
0.262203
0.0246566
0.099753
0.120122
0.376071
0.363398
0.310392
0.0560987
0.0562005
0.0787876
0.425439
0.361184
0.283529
0.357327
0.0244594
0.336585
0.340601
0.296198
0.0617743
0.32871
0.229516
0.129588
0.0658786
0.0666601
0.0521461
0.433693
0.0421814
0.0520548
0.0596827
0.381847
0.0454102
0.29269
0.0402402
0.142064
0.393431
0.236495
0.0634634
0.0730586
0.0270309
0.0907645
0.387008
0.269881
0.0532372
0.0121579
0.0629453
0.161198
0.196223
0.0798864
0.0574541
0.262169
0.103937
0.073211
0.38653
0.411018
0.445821
0.297615
0.21739
0.389538
0.206771
0.213369
0.0516814
0.319833
0.00239658
0.073248
0.349329
0.0849563
0.137369
0.444901
0.0806258
0.333252
0.284788
0.253085
0.105178
0.299526
0.357806
0.338078
0.221873
0.213802
0.162669
0.341097
0.300711
0.246294
0.166348
0.355932
0.318428
0.496299
0.11552
0.00674113
0.361305
0.180846
0.0465961
0.126358
0.279929
0.0548911
0.068308
0.0730234
0.214015
0.00436773
0.0740643
0.402957
0.065861
0.152341
0.100312
0.19456
0.085192
0.213674
0.247313
0.341995
0.165561
0.43194
0.0532003
0.0582527
0.333929
0.327721
0.0744147
0.321033
0.000421876
0.133766
0.0524712
0.205292
0.122796
0.146545
0.0251051
0.366228
0.118646
0.10198
0.0541622
0.283574
0.072494
0.0948106
0.065196
0.0582017
0.131798
0.0854635
0.268339
0.402762
0.391222
0.422043
0.29936
0.324874
0.489872
0.393304
0.395819
0.162966
0.2489
0.330452
0.0637937
0.233118
0.0784
0.109095
0.0975449
0.1437
0.109461
0.093062
0.0515441
0.0623367
0.0904208
0.32503
0.175802
0.00183244
0.125106
0.0164195
0.0618585
0.0441221
0.480583
0.352662
0.0185826
0.310193
0.0714356
0.0903751
0.102942
0.450679
0.12505
0.0475959
0.325011
0.205435
0.364659
0.411128
0.156757
0.257783
0.045896
0.0666432
0.121327
0.0477624
0.0770278
0.429752
0.30854
0.0818047
0.224883
0.21979
0.257709
0.052195
0.146289
0.148896
0.198453
0.329996
0.123267
0.348971
0.0544649
0.227805
0.232958
0.383576
0.173352
0.30542
0.0037033
0.44133
0.0526772
0.207887
0.0659701
0.0759147
0.0536822
0.0642868
0.0601209
0.292207
0.0726898
0.193605
0.240969
0.0834708
0.097972
0.296998
0.354311
0.049219
0.0846247
0.256874
0.320054
0.274909
0.0872787
0.123201
0.264972
0.211892
0.0641789
0.374864
0.101255
0.388943
0.368606
0.0708831
0.367439
0.0644872
0.310131
0.265869
0.300425
0.113905
0.146699
0.188283
0.212435
0.145262
0.304202
0.0870251
0.0956302
0.100842
0.150834
0.0912392
0.396955
0.361026
0.297906
0.0574862
0.266311
0.0362717
0.0956944
0.0934413
0.0457653
0.356215
0.128053
0.11456
0.0568526
0.307932
0.258277
0.0892299
0.0665014
0.253237
0.227924
0.309444
0.192289
0.358827
0.09312
0.269952
0.0663071
0.280047
0.129153
0.244101
0.204775
0.358185
0.0664188
0.110092
0.365712
0.108902
0.101766
0.117862
0.068701
0.061451
0.325699
0.22997
0.0943144
0.0542281
0.129722
0.0518888
0.304711
0.413847
0.418081
0.209955
0.252669
0.045876
0.0424562
0.231678
0.387649
0.357821
0.378505
0.175139
0.322048
0.0693484
0.264506
0.0774792
0.239122
0.107271
0.262302
0.182344
0.0537049
0.110811
0.0726429
0.208754
0.245715
0.368501
0.0461046
0.295546
0.212681
0.151196
0.195396
0.425146
0.10217
0.0365381
0.316503
0.170793
0.383203
0.327391
0.253572
0.177728
0.0776806
0.188123
0.156531
0.256284
0.0667484
0.27332
0.280052
0.0718475
0.0921839
0.150548
0.102222
0.157865
0.40546
0.328909
0.0794665
0.0050371
0.0638859
0.325926
0.179065
0.302442
0.213691
0.105871
0.27551
0.13172
0.10415
0.122808
0.152216
0.107991
0.300352
0.0750082
0.192626
0.45909
0.0558167
0.316598
0.312277
0.361789
0.0865475
0.047978
0.150589
0.0442736
0.139871
0.00131475
0.0674203
0.400755
0.141807
0.0670258
0.156364
0.190523
0.0990496
0.0507285
0.173246
0.0606637
0.0742405
0.112034
0.241304
0.0652299
0.20614
0.169942
0.155675
0.0572926
0.189948
0.0780522
0.0612117
0.214067
0.0996745
0.133073
0.0451651
0.316887
0.0881001
0.334951
0.173209
0.112468
0.0245729
0.0499179
0.312029
0.210608
0.236935
0.295568
0.144523
0.0618988
0.0631987
0.384121
0.267835
0.0388418
0.213568
0.192883
0.356362
0.032771
0.0460501
0.414866
0.0336122
0.0795481
0.0678567
0.0950519
0.203529
0.0776258
0.111837
0.0995829
0.375834
0.201765
0.112774
0.180594
0.0786748
0.119945
0.0937557
0.134515
0.0723692
0.0667444
0.0400684
0.0476131
0.13655
0.112334
0.316607
0.296524
0.0457865
0.127795
0.105471
0.237162
0.0668062
0.184859
0.0868748
0.127059
0.120275
0.110689
0.091811
0.363317
0.0735998
0.251561
0.335974
0.116976
0.0612192
0.0797601
0.308361
0.278581
0.203069
0.309381
0.282941
0.0992795
0.148294
0.0877597
0.351488
0.0773057
0.0438045
0.0833865
0.0656563
0.0461045
0.110079
0.0818226
0.0679234
0.144275
0.171952
0.1339
0.330263
0.0572763
0.076514
0.03188
0.113564
0.00877302
0.0792456
0.00407459
0.103051
0.0704184
0.357887
0.191843
0.169493
0.0732562
0.132015
0.0684647
0.102799
0.292498
0.143258
0.0684802
0.074602
0.245946
0.0442177
0.125719
0.0496913
0.0633329
0.150966
0.107085
0.0780765
0.226814
0.0625317
0.0990608
0.0895941
0.392083
0.0450622
0.295448
0.0627475
0.298233
0.0953909
0.0651936
0.110265
0.277034
0.0802603
0.194615
0.0811251
0.10577
0.0734579
0.155044
0.103191
0.0886503
0.132332
0.211762
0.0774893
0.388265
0.0507406
0.122543
0.0546546
0.252606
0.0857677
0.065425
0.257491
0.120899
0.109155
0.0740129
0.0638932
0.0562394
0.075949
0.078533
0.282604
0.0675829
0.0525248
0.0925947
0.124979
0.0816697
0.128509
0.193707
0.0748196
0.114354
0.102028
0.118435
0.054356
0.0687074
0.067654
0.0488962
0.179462
0.134032
0.043282
0.0843365
0.0890972
0.070746
0.257596
0.0909707
0.0702615
0.104455
0.0184277
0.0611744
0.0767585
0.062695
0.216533
0.154199
0.0528542
0.173031
0.0784998
0.064547
0.058013
0.0833964
0.168059
0.0632965
0.0808993
0.0605086
0.0805444
0.0835799
0.0826756
0.0637125
0.177983
0.107551
0.0616518
0.368061
0.0989212
0.0714482
0.0966762
0.101467
0.0587929
0.261339
0.193058
0.0414051
0.0979312
0.0926926
0.110126
0.0607646
0.0792275
0.0682426
0.327293
0.0745019
0.0933398
0.104464
0.107127
0.0951182
0.0878298
0.0444433
0.116234
0.116866
0.302663
0.087945
0.093994
0.0740601
0.103059
0.241347
0.110449
0.188158
0.124952
0.0458366
0.13011
0.0665964
0.106808
0.22638
0.0694587
0.334093
0.0673085
0.170779
0.181547
0.0971664
0.0672601
0.0680008
0.128732
0.0808854
0.258646
0.0520605
0.0875363
0.076975
0.0875826
0.0843869
0.0631376
0.184753
0.185248
0.131753
0.0713694
0.10721
0.0634523
0.179491
0.0642915
0.225979
0.0509969
0.0759514
0.0910355
0.0952951
0.0847012
0.202472
0.064227
0.0697465
0.0657133
0.0632947
0.0724337
0.133236
0.195878
0.0996328
0.184674
0.0811044
0.0748272
0.125321
0.0826941
0.04999
0.0434436
0.0725079
0.0413749
0.196013
0.0902895
0.0967341
0.0704749
0.0925713
0.0775902
0.355857
0.0483227
0.112219
0.0758428
0.0559937
0.0746986
0.067853
0.0801959
0.144855
0.0785334
0.090263
0.0779199
0.0717831
0.164844
0.0656649
0.0750678
0.197459
0.104342
0.104185
0.111292
0.0316803
0.0838737
0.0825556
0.174178
0.0744653
0.176553
0.0764839
0.0637434
0.0622248
0.00612841
0.100009
0.0878424
0.0719995
0.104417
0.0655795
0.0704577
0.0799299
0.159198
0.0757837
0.179343
0.0462486
0.0679839
0.0458261
0.0983739
0.0798778
0.0416994
0.0624502
0.161647
0.0800095
0.0623454
0.0701649
0.124181
0.0597762
0.125443
0.0439197
0.0889848
0.0504755
0.0724118
0.261109
0.101445
0.0653258
0.0517211
0.0821362
0.245962
0.104937
0.157329
0.078124
0.0808413
0.0560797
0.352456
0.115374
0.0959692
0.067052
0.10339
0.132852
0.069456
0.0701774
0.0642041
0.0670175
0.0761752
0.0955286
0.064195
0.0845035
0.0635494
0.0778282
0.197808
0.0647937
0.0297394
0.0733012
0.193243
0.102419
0.086171
0.16515
0.072821
0.0667319
0.143606
0.0793012
0.148633
0.0441916
0.0814707
0.0969696
0.0883179
0.278188
0.0773895
0.0733454
0.0706574
0.0623363
0.044769
0.0667677
0.14109
0.0431728
0.0766235
0.050466
0.236268
0.09031
0.0955183
0.086747
0.0351538
0.0770606
0.0426223
0.10303
0.0974477
0.0688528
0.0470322
0.0628608
0.087612
0.0434211
0.0751522
0.0750805
0.0876852
0.11085
0.135957
0.0717125
0.0634913
0.0708363
0.15979
0.0608106
0.0669857
0.0876107
0.0502944
0.165516
0.0898938
0.103196
0.089907
0.0757858
0.0660227
0.147285
0.0746549
0.0599726
0.0759875
0.0776954
0.134319
0.177327
0.0738291
0.126681
0.134388
0.0910039
0.0727551
0.069578
0.126971
0.150346
0.03044
0.0817802
0.0630135
0.108379
0.231445
0.207578
0.0703288
0.114791
0.160593
0.0934757
0.311556
0.0766612
0.0498959
0.0801561
0.108537
0.0649014
0.116986
0.0886912
0.0257923
0.0658993
0.191081
0.161702
0.0705101
0.0583577
0.0719176
0.105578
0.0657952
0.0433037
0.0678126
0.0586893
0.0771643
0.0740921
0.0803054
0.083878
0.0515573
0.0613384
0.0561439
0.0847009
0.0391435
0.0838302
0.044621
0.183904
0.0304267
0.100265
0.0754205
0.0600932
0.0901714
0.0560744
0.0659618
0.070782
0.0774468
0.0479663
0.103414
0.0880021
0.270386
0.129682
0.0683469
0.0893144
0.0723905
0.0478529
0.171955
0.0943677
0.049461
0.10169
0.121821
0.0488451
0.0703026
0.167179
0.0611371
0.0452755
0.0680539
0.067377
0.0620879
0.0937801
0.0859404
0.081403
0.118565
0.158618
0.0884376
0.0483238
0.0906407
0.0741507
0.0663257
0.0725972
0.116129
0.0659007
0.0672201
0.0660052
0.0977966
0.0670692
0.0985064
0.1112
0.0671028
0.0883605
0.0836252
0.0710479
0.0671937
0.138267
0.0730179
0.0607127
0.0739175
0.0928118
0.0567777
0.128252
0.084245
0.0647651
0.111331
0.0509705
0.0723428
0.0885437
0.0606548
0.080987
0.0812106
0.0604017
0.0903549
0.0649538
0.0758379
0.0705163
0.0958416
0.0617606
0.0871318
0.0667753
0.0829542
0.0921819
0.0786035
0.0469
0.0703915
0.096659
0.0839615
0.087356
0.17152
0.0692196
0.0754246
0.0675322
0.0669072
0.0711231
0.0997279
0.0781582
0.0896489
0.0690252
0.0673071
0.0912408
0.0664446
0.0631864
0.0853463
0.0795988
0.0878213
0.0746626
0.0890414
0.0479779
0.127492
0.0864366
0.0613154
0.0655934
0.0796154
0.0759387
0.0915088
0.0631344
0.110451
0.0925356
0.0804603
0.0632855
0.062384
0.04242
0.0640941
0.0451559
0.110191
0.0776558
0.13865
0.0699933
0.078639
0.0745515
0.0752629
0.0629538
0.0608415
0.0734495
0.0763389
0.0721694
0.0725099
0.0864797
0.0723518
0.0824339
0.145518
0.0884506
0.0798873
0.048207
0.0747438
0.104787
0.0729457
0.0819504
0.0785609
0.0865025
0.0674934
0.0958418
0.0698255
0.0528352
0.0708139
0.0515353
0.0620333
