407.749
262.896
301.67
258.232
374.647
262.189
362.799
299.811
368.214
404.199
328.22
338.461
394.914
397.59
380.949
433.093
256.157
437.788
262.828
466.604
502.55
396.72
327.846
333.914
334.487
257.419
482.755
330.373
262.555
255.557
257.792
479.558
263.71
398.694
259.13
261.779
261.969
331.028
481.975
335.505
425.175
255.165
457.031
261.236
501.81
255.172
328.355
455.517
488.796
468.913
419.397
266.567
495.756
489.826
343.871
509.065
256.251
502.407
257.842
343.142
320.997
467.574
238.753
261.485
253.757
259.746
466.497
267.133
266.175
261.505
473.054
369.67
254.773
471.936
321.649
272.359
406.837
322.646
259.955
253.526
258.653
400.881
266.02
256.754
234.475
339.246
262.145
481.46
357.659
424.037
484.637
433.8
267.185
261.424
403.253
373.982
403.342
241.349
508.181
263.137
495.065
391.514
263.078
253.859
260.581
227.095
438.263
465.501
449.518
254.568
357.305
256.405
254.555
461.902
425.801
457.457
262.516
260.03
409.867
407.929
485.315
373.498
342.439
353.589
256.358
252.084
245.084
270.51
257.756
288.611
299.036
267.367
269.921
262.325
262.966
261.453
259.962
260.38
257.968
512.045
339.949
306.253
456.528
267.398
258.381
259.823
261.263
256.749
468.752
369.71
257.525
268.315
268.168
261.305
503.458
481.722
262.488
350.707
263.918
265.397
514.199
253.925
264.307
265.515
341.107
257.999
256.194
258.317
262.888
262.159
256.883
263.953
256.891
488.858
352.098
261.731
496.053
318.942
396.414
256.173
306.144
256.202
254.817
254.584
355.589
256.534
267.433
474.928
370.094
275.333
257.99
258.975
408.828
266.745
260.178
261.183
262.158
258.103
265.752
235.179
261.889
262.875
343.4
252.992
255.54
256.354
368.463
455.053
378.27
234.339
264.829
484.718
261.901
268.837
446.19
494.704
269.077
486.095
261.442
422.063
259.424
260.1
259.131
266.547
269.137
261.115
443.827
259.693
233.027
259.574
257.446
267.408
452.594
262.89
447.6
253.94
269.34
394.894
260.858
339.017
261.115
454.901
263.715
261.308
260.13
260.019
466.482
264.645
265.209
259.515
263.082
253.289
254.58
262.061
266.912
259.452
431.969
271.802
263.501
256.723
394.082
263.944
265.963
400.554
257.454
268.278
257.605
270.692
349.256
272.366
254.122
233.003
270.664
425.037
262.409
257.085
264.58
266.474
253.43
269.071
262.444
267.665
254.288
257.619
416.155
265.076
365.515
273.007
396.82
258.504
267.771
261.816
444.544
257.397
267.175
259.027
271.268
261.987
260.913
435.965
426.308
268.606
265.896
261.965
272.613
256.145
254.566
260.695
258.229
262.534
262.535
255.381
267.995
265.744
262.439
270.847
238.942
260.526
264.628
269.212
250.452
258.401
261.215
441.735
257.087
269.891
266.801
254.484
261.205
340.92
263.577
262.591
422.248
261.072
468.552
258.701
260.708
301.915
260.244
264.636
259.995
352.725
259.874
413.2
262.878
262.725
263.311
264.469
257.803
265.067
264.335
259.059
446.757
273.321
261.121
262.183
423.613
286.818
253.103
266.141
309.478
248.89
266.584
299.2
244.383
263.998
485.719
474.003
256.941
407.528
261.076
357.113
258.948
319.011
254.515
268.697
441.97
396.615
261.342
475.389
261.563
260.095
269.955
265.362
259.885
259.776
397.081
261.224
254.709
263.345
509.262
262.655
258.427
262.369
502.536
423.116
268.468
257.103
471.185
511.965
257.061
255.602
256.722
254.95
250.296
262.242
469.377
256.183
266.575
262.737
452.293
306.621
450.085
260.405
344.241
254.566
257.156
256.089
263.947
258.95
255.714
259.003
257.716
256.923
383.806
258.119
259.121
327.556
258.633
377.576
264.162
398.579
256.114
257.854
257.025
255.408
259.784
274.328
257.086
261.574
272.724
259.69
260.709
253.689
511.109
253.57
268.035
249.694
263.095
413.091
258.951
419.708
272.691
252.925
255.262
485.708
397.919
259.446
266.228
267.997
262.472
257.011
386.029
234.545
473.661
504.457
251.87
423.293
273.026
270.485
267.483
273.238
256.673
258.228
253.73
263.698
261.859
471.143
383.519
259.918
265.648
505.089
261.978
255.2
263.573
259.997
404.9
255.101
494.195
227.32
263.79
259.62
256.217
257.515
255.775
261.532
360.643
263.068
264.678
463.251
264.438
256.089
257.415
262.168
259.256
263.373
259.454
305.372
484.809
262.689
261.798
412.078
261.859
270.59
258.108
265.082
262.047
265.699
271.659
255.766
256.947
384.058
267.962
402.42
257.288
395.783
285.952
443.092
259.275
260.14
256.785
258.906
254.607
260.983
256.562
249.11
261.911
266.205
268.355
442.701
260.087
264.417
268.06
254.821
264.819
294.309
256.587
259.883
260.897
370.318
441.074
257.168
256.533
260.596
270.127
262.017
255.338
256.696
257.702
261.272
256.949
274.504
376.839
256.269
259.442
262.866
263.311
260.003
261.533
471.121
262.948
253.771
263.564
492.736
265.446
267.007
253.22
264.158
260.619
253.876
267.035
253.077
255.931
259.726
252.128
261.236
248.133
261.02
260.835
264.524
381.746
463.333
261.848
262.008
265.195
264.08
465.526
267.834
259.254
268.747
268.87
360.779
259.422
261.888
262.164
245.645
362.439
238.423
496.9
381.208
270.153
262.804
259.198
481.094
261.623
331.09
338.349
449.907
263.16
261.159
482.788
261.971
262.962
259.327
264.516
252.563
490.833
255.743
253.454
267.407
263.472
258.746
262.738
252.888
255.835
271.077
261.421
267.74
265.745
467.603
268.396
260.247
260.628
255.152
430.185
366.666
251.821
254.633
255.758
311.305
253.642
258.89
250.801
269.916
475.455
276.308
262.892
263.965
269.857
486.356
453.262
271.241
259.928
255.672
259.51
405.269
262.716
413.215
276.183
266.186
486.322
331.455
259.796
258.542
262.258
260.864
263.013
272.917
253.55
262.791
510.99
257.401
316.109
263.407
265.825
258.368
260.538
373.455
272.607
425.627
261.641
506.783
260.648
255.759
256.58
469.696
366.02
408.386
252.646
258.245
261.434
263.274
464.001
374.442
260.171
256.27
414.439
374.033
255.983
257.11
376.645
268.166
384.548
380.53
262.217
265.834
257.878
269.335
352.772
503.462
260.449
473.241
267.414
493.07
261.989
367.25
270.24
264.185
258.943
257.926
378.336
265.02
268.204
254.456
378.482
482.747
379.867
256.483
504.545
262.139
254.834
259.182
264.471
255.491
303.793
252.373
262.655
260.21
259.186
254.264
257.242
257.527
259.515
255.018
264.968
253.656
265.327
266.182
260.732
263.518
482.89
267.008
470.144
260.94
289.915
465.281
266.589
260.877
262.841
482.333
407.64
444.835
259.608
265.114
253.849
266.862
433.761
265.4
258.054
263.821
261.094
257.895
258.047
490.848
262.223
329.642
268.256
265.454
467.336
386.833
473.173
269.34
382.285
313.15
261.85
369.22
265.296
257.976
266.499
258.319
472.23
258.698
256.662
504.466
342.064
363.411
261.795
257.792
404.171
256.276
445.497
266.681
258.256
262.75
260.692
265.871
257.994
426.446
453.131
256.001
263.935
259.585
502.974
258.081
462.218
253.878
355.861
261.249
262.927
347.846
443.176
261.458
262.627
254.301
254.995
254.54
261.102
250.279
454.789
366.032
239.201
261.255
279.215
261.511
261.095
386.244
255.405
385.385
259.006
257.406
254.044
261.053
258.801
253.866
257.135
253.793
264.61
330.995
268.26
299.076
307.358
309.363
258.526
389.534
260.185
408.267
263.858
260.6
334.809
265.525
450.423
261.56
396.718
258.933
261.785
260.461
253.453
323.117
378.195
258.347
253.49
347.517
262.251
269.856
439.542
269.415
260.057
261.075
256.715
328.84
430.538
264.171
257.875
266.557
504.985
262.074
255.307
482.214
246.255
259.917
257.123
265.67
266.18
261.679
264.647
260.276
262.698
491.934
264.913
453.646
502.045
434.725
260.036
267.695
254.126
512.925
255.472
266.517
254.741
266.306
262.381
259.319
263.344
442.747
272.306
267.008
265.611
264.394
254.795
403.706
373.796
418.023
260.658
264.81
262.646
261.528
268.048
262.737
260.751
267.982
413.223
415.785
254.253
370.969
264.496
326.122
259.248
499.782
329.252
264.356
257.291
264.518
272.289
265.429
272.852
262.538
506.629
273.645
266.107
256.173
255.791
267.446
476.973
265.749
486.563
261.359
259.119
262.944
470.463
260.508
346.625
259.936
253.52
258.411
260.369
264.464
263.97
263.479
309.34
262.79
268.375
261
255.756
260.024
267.09
274.256
270.359
463.555
267.194
258.837
246.504
258.481
253.428
260.605
473.441
257.078
256.626
258.098
371.422
258.855
323.078
464.289
500.945
263.397
261.733
261.493
260.271
268.016
260.839
260.641
511.676
262.324
258.194
270.884
252.045
360.546
255.152
405.211
264.236
410.3
257.737
366.173
262.426
262.305
259.02
262.567
262.336
256.493
377.915
260.357
264.792
255.927
267.178
323.335
263.486
266.484
468.885
261.856
255.827
255.82
317.727
467.448
456.267
404.185
443.835
264.66
286.03
500.935
253
259.255
257.117
264.742
263.188
385.383
309.94
259.538
262.481
411.003
257.035
261.222
261.045
265.595
261.512
497.267
264.265
503.522
427.139
255.803
258.351
264.359
421.411
256.865
382.131
258.493
326.872
260.948
262.573
263.782
261.565
321.716
256.608
270.828
259.992
257.286
256.666
506.673
261.102
431.286
428.117
465.471
262.144
435.467
406.362
266.405
268.761
263.43
258.783
261.217
263.636
261.758
321.659
380.278
256.488
264.613
259.366
336.848
260.942
260.819
266.092
451.248
469.219
351.981
470.665
260.735
412.335
261.533
504.14
259.109
266.298
268.574
266.649
268.081
261.891
257.437
265.833
259.63
260.412
265.106
266.031
375.662
275.82
263.223
276.334
482.537
268.384
254.948
453.342
264.338
251.675
489.765
262.732
262.166
261.193
489.445
412.608
424.16
383.827
501.255
381.158
268.295
260.244
256.877
261.21
473.814
264.507
274.402
265.186
261.728
256.85
261.93
262.209
441.043
366.199
268.793
499.073
268.171
265.259
256.641
253.735
505.272
463.501
