0.0243794
0.0230076
0.0117734
0.0118475
0.0119144
0.0110171
0.0131903
0.0320935
0.0319641
0.0328333
0.032542
0.0283134
0.0232746
0.0332027
0.0184089
0.0178683
0.0109677
0.0123327
0.0110783
0.0121664
0.0126057
0.0172048
0.0311807
0.0118313
0.0317327
0.0294542
0.0124027
0.0154466
0.0321019
0.0111941
0.0125033
0.0179006
0.0392334
0.0319579
0.0117604
0.0112082
0.0279196
0.0312421
0.0143412
0.0122322
0.0214626
0.0314443
0.0441677
0.0150527
0.011703
0.0199724
0.0118737
0.0348439
0.0127965
0.0293122
0.0480049
0.0128179
0.0117036
0.0125172
0.020326
0.0326668
0.0110617
0.015811
0.0286141
0.027907
0.0334233
0.0271222
0.0407498
0.0327512
0.0328463
0.0109404
0.0316514
0.0127024
0.0118448
0.0321807
0.0336505
0.0116879
0.0316622
0.0319026
0.0337119
0.022528
0.0121299
0.0336429
0.0121611
0.0289151
0.0303141
0.031584
0.0111646
0.0314418
0.0376465
0.0223515
0.03051
0.0303111
0.0122652
0.0303755
0.0311433
0.0117533
0.0131191
0.011194
0.0122533
0.0259488
0.0119733
0.0261614
0.0158355
0.0139287
0.0328111
0.031021
0.0319647
0.025734
0.0111447
0.034475
0.0117256
0.0319223
0.0337534
0.0142619
0.0164861
0.0244257
0.0273248
0.0184864
0.0152634
0.0175456
0.0311518
0.0307206
0.0299296
0.011684
0.011712
0.0130481
0.0329547
0.0314117
0.0281575
0.0310501
0.0175941
0.0302557
0.0302564
0.0293571
0.0118893
0.0298034
0.0259184
0.0178052
0.0112762
0.0112398
0.0108937
0.0323525
0.0117272
0.0118032
0.0118543
0.0319415
0.0122263
0.0285475
0.0120324
0.0190461
0.0315931
0.0262558
0.0118845
0.0125717
0.0160782
0.013637
0.0314311
0.0275635
0.0118442
0.0297962
0.0110111
0.02157
0.0236343
0.0125221
0.0117118
0.0274067
0.0150633
0.0118523
0.0320492
0.0318889
0.0328306
0.0286664
0.0251351
0.031405
0.0242761
0.0246583
0.0109303
0.0302163
0.0454509
0.0117496
0.0310722
0.0136472
0.0193413
0.0326384
0.0132337
0.0299994
0.0283073
0.0269942
0.0158891
0.028937
0.0306619
0.0308801
0.0260506
0.0250771
0.0210407
0.0302588
0.0295557
0.0265605
0.0213518
0.0307308
0.0294774
0.0333766
0.0165485
0.0345669
0.0307505
0.0226632
0.0121233
0.0177411
0.0280751
0.0114197
0.0116892
0.0126022
0.0254401
0.0377719
0.011829
0.0325637
0.0113682
0.020277
0.0153589
0.0241739
0.0130302
0.0255801
0.0267329
0.0309303
0.0212124
0.0322491
0.0108649
0.0110057
0.0300262
0.029811
0.0126464
0.0294593
0.0447237
0.0184797
0.0109012
0.0243407
0.0178304
0.0195107
0.0183759
0.0309259
0.0169249
0.0155816
0.0108424
0.0288818
0.0111401
0.012556
0.0139683
0.0108555
0.018104
0.0130148
0.0284228
0.0317089
0.031473
0.0320855
0.0287397
0.0298205
0.0335948
0.0314321
0.0315985
0.0209667
0.0274278
0.0300038
0.0111328
0.025851
0.0130977
0.0157195
0.014375
0.0201554
0.0157042
0.0138784
0.0109169
0.0112585
0.0142602
0.0298787
0.0222563
0.0421302
0.0176339
0.0251408
0.0110619
0.0115045
0.0332004
0.0304827
0.0213429
0.0292616
0.0116782
0.0136364
0.0149883
0.0326385
0.0180384
0.0111843
0.0303583
0.0244664
0.0315282
0.0318616
0.0205112
0.0270523
0.0121741
0.011296
0.017056
0.0111089
0.0123429
0.0322844
0.0290983
0.0134184
0.0261441
0.025247
0.0270883
0.0109133
0.0199285
0.0195705
0.0237851
0.0299893
0.0174141
0.0305636
0.010861
0.0259388
0.0258653
0.0312776
0.0218396
0.0294196
0.0388701
0.0326866
0.0109285
0.0244719
0.0116504
0.0121667
0.0108564
0.0119265
0.010965
0.028672
0.0119852
0.0235762
0.0261664
0.0134875
0.0145316
0.0289352
0.0312187
0.0110073
0.0136624
0.0270034
0.0294853
0.0287033
0.0131297
0.017328
0.0275395
0.025283
0.0111523
0.031758
0.0146577
0.0313533
0.0308776
0.0115504
0.0308633
0.0111539
0.0291631
0.0273988
0.0295441
0.0163686
0.0195133
0.0229824
0.0253246
0.0200841
0.0293416
0.0131354
0.0148299
0.015231
0.0199452
0.0143055
0.0325907
0.030886
0.0294546
0.0117284
0.027515
0.0139049
0.0143558
0.0145701
0.0113278
0.031345
0.0180536
0.0163173
0.0117051
0.0298026
0.0273665
0.0141014
0.0112197
0.0268362
0.0256625
0.0293202
0.0232608
0.0305779
0.014526
0.0275571
0.011512
0.0280229
0.018742
0.0263662
0.0241525
0.0305615
0.0121682
0.01644
0.0308852
0.0155712
0.0155308
0.0172953
0.0114377
0.0110419
0.0296706
0.0257274
0.0142817
0.0108468
0.0186053
0.0109396
0.0290109
0.0319133
0.0327625
0.0253548
0.0275277
0.0113028
0.0126305
0.0258347
0.0314284
0.0306491
0.0311342
0.0219814
0.0296237
0.011454
0.0275436
0.0121855
0.0268687
0.0153838
0.0272423
0.0233249
0.0108396
0.016499
0.0117673
0.0250947
0.0264805
0.0309433
0.0112875
0.0286968
0.0248138
0.0202263
0.0236155
0.0321341
0.0150457
0.0127915
0.0293372
0.0217673
0.0320476
0.0298866
0.0268963
0.0225973
0.0121611
0.0236987
0.0204538
0.0277021
0.0115039
0.0279609
0.0281429
0.0124258
0.0144536
0.0198627
0.0148947
0.0207669
0.0317236
0.0297669
0.0131044
0.037026
0.0119943
0.0304212
0.0225973
0.0295988
0.025016
0.0155389
0.0279449
0.0183514
0.0150807
0.0171543
0.0204875
0.0154849
0.0287672
0.012793
0.0240624
0.032979
0.0109768
0.0300958
0.0291599
0.0309768
0.0131545
0.0110875
0.0206942
0.0114961
0.0196216
0.0433101
0.0112874
0.031607
0.0193182
0.0112642
0.0204408
0.0231326
0.0151885
0.0110391
0.0221362
0.0118733
0.0118954
0.0160425
0.0264115
0.0114942
0.0241729
0.0215488
0.0205644
0.0116944
0.023881
0.0122752
0.0109493
0.0254389
0.0144686
0.0184342
0.0113386
0.0296165
0.0132264
0.0299912
0.0220479
0.0160968
0.0173832
0.0118832
0.0294411
0.02537
0.0260299
0.0293836
0.0199773
0.0118307
0.0110619
0.0312558
0.0275411
0.0122937
0.0248636
0.0233046
0.0305863
0.0139711
0.011311
0.0319742
0.0138378
0.0131528
0.0113373
0.014284
0.0241716
0.0122881
0.0159233
0.0153279
0.0314612
0.0241244
0.0160024
0.0231257
0.013063
0.0168093
0.0139045
0.0182881
0.0118957
0.0113444
0.0120965
0.0111659
0.018803
0.0159338
0.0293501
0.0289242
0.0121837
0.0179103
0.015347
0.0259898
0.011321
0.0227265
0.013063
0.0182996
0.0168633
0.0159449
0.0136284
0.0314854
0.0117868
0.026797
0.0301211
0.016623
0.0111144
0.0125523
0.0291044
0.0283243
0.0240839
0.0291087
0.0283659
0.0144999
0.0203044
0.0132894
0.0303839
0.0121624
0.0124192
0.0136008
0.0112474
0.011309
0.0157178
0.0126031
0.0121537
0.0194155
0.0217187
0.018549
0.0298942
0.0117097
0.0120278
0.0142269
0.016114
0.0314491
0.013138
0.0385328
0.0156592
0.0123138
0.03074
0.0232418
0.0217004
0.01253
0.018075
0.0121916
0.0157044
0.029241
0.0191961
0.0113712
0.0126469
0.0264354
0.0114689
0.0173936
0.0111315
0.0112998
0.0206225
0.0155586
0.0123545
0.0255491
0.011058
0.0144211
0.0133759
0.0316715
0.0113912
0.028767
0.0110336
0.028794
0.0140869
0.0119784
0.0159857
0.0279104
0.0125385
0.0236061
0.0133229
0.0159365
0.0120342
0.0204845
0.0149718
0.0140957
0.0184002
0.0245332
0.0125587
0.031506
0.0118068
0.0174158
0.0109479
0.026779
0.0132105
0.0119737
0.0277334
0.0170698
0.0157597
0.0119331
0.0112413
0.0116969
0.0120599
0.0130027
0.0284611
0.0114703
0.0117684
0.014498
0.0173486
0.0125023
0.017711
0.0233335
0.0119312
0.0163901
0.014965
0.0166099
0.0117334
0.0115809
0.0121966
0.0110612
0.0224231
0.0182923
0.0115866
0.0135899
0.0135635
0.0125516
0.0270811
0.0142885
0.0115594
0.0151008
0.0217006
0.0118509
0.0128352
0.0118494
0.0250345
0.0203045
0.0109336
0.0220811
0.0130661
0.0119258
0.0108793
0.0127516
0.0222104
0.011871
0.0125657
0.0109659
0.0132266
0.0128356
0.0134902
0.0118999
0.0223549
0.0154953
0.0110035
0.0309754
0.0151692
0.0124089
0.014142
0.0157647
0.0110069
0.0279211
0.0236089
0.0127837
0.0144701
0.0137394
0.0157483
0.0110094
0.0130866
0.0114483
0.0297936
0.0121113
0.0145505
0.0158101
0.0160873
0.0140526
0.0139603
0.0115356
0.0164677
0.0165594
0.0288689
0.0133941
0.0146528
0.0120294
0.0150292
0.0263946
0.0157937
0.0230979
0.0173356
0.0112886
0.0178303
0.011419
0.0153415
0.0256087
0.0115316
0.0299754
0.0113074
0.0216633
0.0232181
0.0144299
0.0120977
0.0113072
0.0185339
0.0132513
0.0271114
0.0108677
0.0131458
0.0129295
0.0139133
0.0136051
0.0110819
0.0228531
0.0231978
0.018099
0.012499
0.0154156
0.0110859
0.0223082
0.0112223
0.0254067
0.0109276
0.0127596
0.0135553
0.0147738
0.0129431
0.0239977
0.0119187
0.0122673
0.0119983
0.0113059
0.0125164
0.0189021
0.0235395
0.0154562
0.0227285
0.0127706
0.0119892
0.0173454
0.0134313
0.0109892
0.0116092
0.0124645
0.0128305
0.024331
0.0137595
0.014425
0.0123133
0.0137771
0.0129152
0.0305687
0.0110829
0.0159323
0.0119281
0.0109619
0.0118539
0.0121427
0.0131966
0.0194027
0.0122239
0.0135214
0.0129577
0.0116206
0.0220549
0.0113148
0.0126869
0.023645
0.0152585
0.0157994
0.016578
0.0143521
0.0127686
0.0127768
0.0220802
0.0119466
0.0221235
0.0124688
0.0118971
0.0119627
0.0352895
0.0145771
0.0137468
0.0117392
0.015049
0.0120716
0.0115947
0.0131721
0.0208643
0.0119635
0.0225332
0.0112279
0.0114116
0.011375
0.0144134
0.0125261
0.0120038
0.0118556
0.0210722
0.0131459
0.0119458
0.0123876
0.0172377
0.0117491
0.0173994
0.0124049
0.0134151
0.0109309
0.012458
0.0271943
0.0154802
0.0111352
0.0117947
0.0126591
0.0265812
0.0152748
0.0207154
0.0129961
0.0132863
0.0108692
0.0305881
0.0170253
0.0141024
0.0114319
0.0156801
0.0183995
0.0114841
0.0114648
0.0111431
0.0122205
0.0127876
0.0142428
0.0111737
0.0128639
0.0119695
0.0121342
0.0237319
0.0120077
0.0151159
0.0118147
0.0233617
0.0148877
0.0132434
0.0211952
0.0117511
0.0112729
0.0192512
0.0131405
0.0197044
0.0123671
0.0132912
0.0149871
0.0133474
0.0281256
0.0122205
0.0125594
0.0117157
0.0110658
0.0114884
0.0113151
0.0190828
0.0117036
0.0121212
0.01186
0.0261699
0.0134995
0.014101
0.0133778
0.013159
0.0129623
0.0125912
0.0156245
0.0144021
0.0114855
0.0113723
0.011083
0.0132875
0.0115801
0.0119648
0.0120104
0.0139499
0.0166978
0.0186925
0.0125289
0.0110689
0.0123406
0.0207001
0.0117803
0.0120928
0.0132514
0.0110472
0.0212265
0.0136534
0.0149723
0.0136983
0.0121277
0.0120151
0.0198335
0.0118938
0.0110737
0.0121017
0.0122643
0.0190706
0.0222522
0.0126681
0.0175256
0.0183109
0.0136568
0.0125867
0.0115992
0.0182616
0.0198923
0.0145315
0.0126112
0.0110187
0.0156366
0.0257031
0.0242699
0.0123116
0.01618
0.0208733
0.0139963
0.0292948
0.012074
0.0110702
0.0127308
0.0156518
0.0119499
0.0165707
0.0135994
0.0167746
0.0113736
0.0233552
0.020892
0.0124573
0.0109454
0.0117442
0.0152125
0.0120008
0.0115862
0.0122283
0.0118829
0.0129444
0.0119069
0.0125813
0.0128289
0.0108901
0.0111385
0.0108794
0.0128452
0.0133019
0.0130667
0.0114189
0.0228994
0.0145433
0.0153497
0.01201
0.0117495
0.0134526
0.0117109
0.0113432
0.0123493
0.0121299
0.0111652
0.0149502
0.0132484
0.0276203
0.0179428
0.0121822
0.01343
0.0117242
0.0111601
0.0219383
0.0146707
0.0110287
0.0147887
0.0177679
0.0110288
0.0115778
0.0215959
0.0118019
0.0122429
0.0121502
0.012178
0.0118471
0.0138744
0.0136641
0.0133074
0.0168513
0.0207949
0.0132562
0.0111072
0.0134978
0.0126591
0.0121474
0.0117881
0.0163423
0.0120184
0.0113721
0.0111715
0.0143412
0.0113788
0.0143575
0.0120816
0.0160617
0.0140091
0.0135254
0.0116399
0.0113185
0.0187116
0.0125438
0.0109779
0.0126582
0.0140266
0.0117147
0.0176742
0.0130159
0.0112015
0.0158847
0.0118097
0.0117868
0.0134773
0.0109164
0.0125015
0.0125917
0.0117693
0.0134271
0.011949
0.0128395
0.0123699
0.0141098
0.0119764
0.0139319
0.011418
0.0127733
0.0136886
0.0122033
0.0111953
0.0115689
0.0141869
0.0136416
0.013916
0.0218378
0.0114531
0.0119151
0.0122548
0.0112916
0.011586
0.0147002
0.0130151
0.0142139
0.0122699
0.0120956
0.0135331
0.0120486
0.0111196
0.013696
0.0123527
0.0133838
0.0121441
0.0133673
0.0112146
0.0175603
0.0130804
0.0111135
0.0111737
0.0123324
0.0123275
0.0136357
0.0118675
0.0160835
0.0136863
0.0128417
0.0118941
0.0112495
0.0117367
0.0119341
0.0113757
0.0161026
0.0129543
0.0187555
0.0116353
0.0123253
0.0126727
0.012701
0.0118804
0.0117846
0.0126238
0.0128301
0.0118248
0.011669
0.0130734
0.01164
0.0134124
0.0195888
0.0137008
0.0124536
0.0110718
0.0118774
0.015062
0.0117326
0.0134749
0.0130378
0.0131485
0.0122116
0.0142749
0.0114904
0.0109268
0.011945
0.011795
0.0118257
