514.707
514.413
514.5
513.943
514.765
513.592
515.488
515.355
514.777
515.301
514.896
515.312
514.854
514.652
514.957
515.547
513.398
514.97
514.701
513.992
515.374
515.259
514.77
514.619
515.499
514.216
514.478
515.449
514.796
513.26
514.282
516.761
500.312
514.59
514.519
513.601
513.969
515.093
514.63
514.589
514.801
514.646
499.684
514.799
514.468
514.434
514.518
502.452
514.537
515.355
496.526
514.365
514.49
514.04
515.306
514.503
514.511
514.576
514.294
514.471
514.644
515.123
496.416
513.889
512.828
513.453
514.407
513.999
513.975
514.804
515.401
514.574
513.909
514.526
515.442
515.484
514.007
515.316
514.326
514.821
514.799
514.398
514.29
514.016
498.664
516.182
514.368
515.491
514.479
515.325
515.161
514.12
514.864
514.482
514.015
516.189
515.148
504.007
514.689
514.243
514.565
515.395
513.478
513.983
513.242
496.265
514.634
514.802
514.766
514.333
515.26
513.238
514.286
510.379
514.731
515.385
513.682
514.526
515.17
514.612
514.764
514.63
515.29
514.708
514.323
511.905
508.543
515.497
513.527
515.523
514.148
514.486
515.004
514.488
513.722
514.157
514.012
513.925
512.728
514.065
515.554
514.672
514.255
514.578
513.281
514.597
514.884
515.431
514.525
514.831
509.589
514.407
514.763
514.16
513.93
505.433
514.342
514.602
513.952
513.665
514.367
514.494
514.643
514.789
514.709
514.415
512.461
514.252
513.438
514.809
514.589
514.264
513.804
515.427
498.49
514.099
514.82
514.725
514.689
513.627
515.537
513.635
513.971
513.646
515.416
513.496
514.243
515.61
514.255
514.835
513.864
514.859
515.404
514.15
513.822
515.442
513.846
514.362
515.04
499.997
513.783
514.946
513.967
513.655
514.053
513.91
514.605
515.281
515.389
496.282
514.268
514.276
513.258
513.924
514.461
514.556
514.265
516.084
513.445
515.232
514.438
514.285
514.11
514.501
514.392
513.566
514.668
514.367
494.583
515.09
513.8
513.88
515.402
514.429
511.065
514.283
515.166
514.364
514.157
515.536
514.212
515.312
514.202
514.245
513.89
513.713
516.174
514.4
514.064
514.5
514.497
514.592
512.392
514.338
514.187
514.234
514.899
514.4
514.593
514.014
515.075
513.706
513.964
515.851
513.833
514.201
513.878
514.383
514.868
514.221
514.766
493.813
515.246
508.896
513.65
514.141
514.726
514.534
507.245
514.23
513.704
513.952
514.242
514.176
515.58
513.971
514.687
515.495
514.839
514.616
514.524
514.009
514.52
513.837
514.032
513.681
514.664
514.666
514.745
515.106
514.984
515.507
514.728
513.725
514.593
514.377
514.301
515.317
515.078
515.154
513.949
512.196
514.493
514.23
514.212
513.489
496.287
515.423
513.991
514.156
512.915
513.237
513.929
514.779
513.86
514.064
515.546
513.56
514.346
514.762
515.29
513.071
514.76
514.16
515.339
514.43
514.773
516.2
514.563
513.572
515.527
515.552
514.545
514.768
514.329
514.559
514.134
514.311
513.996
514.185
514.087
514.11
515.412
514.526
514.156
514.172
514.727
515.353
512.402
514.294
515.392
513.416
514.327
514.794
513.996
513.481
514.451
514.669
513.777
511.844
512.993
514.673
512.678
515.138
512.755
514.707
514.446
515.496
512.853
514.718
514.221
514.808
514.399
515.265
514.167
514.363
514.72
514.525
512.653
514.788
518.045
514.193
513.967
514.332
515.135
515.403
514.339
514.206
515.289
515.411
513.883
513.94
514.159
514.074
514.111
514.191
515.162
514.268
514.152
514.177
514.531
516.036
514.614
513.104
514.398
514.096
514.799
514.612
514.409
514.547
514.398
513.995
513.339
513.918
514.502
514.571
514.458
515.123
514.353
514.763
514.374
514.726
514.29
513.723
514.039
513.979
515.325
514.526
513.652
514.173
514.736
510.945
514.105
514.327
515.06
513.849
514.586
514.304
514.122
515.451
514.001
515.477
514.342
513.757
513.737
514.73
514.859
514.565
514.037
515.274
514.567
514.141
514.681
498.634
515.502
515.369
514.505
514.644
514.015
513.763
513.981
515.457
514.507
514.733
515.23
514.785
514.503
514.196
515.2
513.118
514.432
515.53
514.361
512.831
513.78
514.175
515.606
513.14
515.225
496.233
514.316
514.26
515.576
514.317
514.341
514.198
514.605
513.235
515.601
515.579
514.43
513.72
513.509
515.402
514.298
514.591
515.194
514.577
515.145
514.65
514.224
514.596
514.328
515.382
513.785
514.917
514.102
514.09
514.301
514.78
510.321
514.114
513.611
514.268
514.525
515.264
514.684
514.714
514.032
514.397
514.435
512.722
513.633
514.451
514.068
508.771
513.032
514.314
511.094
515.404
514.026
513.253
514.074
513.732
514.421
515.059
511.502
513.419
514.06
514.782
515.457
514.143
514.588
514.599
514.732
513.579
513.01
513.995
515.103
514.497
514.307
514.588
514.575
513.151
513.497
514.578
514.445
514.469
514.362
514.525
514.657
514.517
514.578
514.524
514.342
514.289
514.245
515.42
513.143
513.624
514.605
512.842
514.017
514.383
514.028
514.77
514.456
513.612
514.229
514.478
514.226
514.951
514.407
513.02
514.223
514.434
514.434
514.094
514.566
513.669
514.464
514.438
514.159
512.033
514.703
500.067
515.318
500.092
514.881
514.751
514.42
514.434
515.564
514.787
514.09
514.643
514.963
514.53
514.439
514.098
514.582
514.577
514.281
514.552
513.053
513.562
515.553
513.537
514.09
514.644
514.001
514.246
514.594
513.708
513.775
514.515
514.081
514.775
514.432
514.742
513.658
514.697
513.554
513.664
515.285
514.752
514.041
513.677
514.153
515.256
513.461
514.289
513.251
514.258
514.55
514.585
513.437
514.563
513.95
514.612
514.806
514.478
515.53
514.594
513.152
514.494
514.787
514.596
514.53
513.66
514.764
514.446
514.009
514.361
514.112
514.368
513.945
514.579
513.966
514.217
514.329
513.07
515.467
514.012
513.991
514.452
512.965
514.686
514.353
513.916
513.921
515.576
513.74
514.236
508.84
514.251
514.606
514.813
514.343
513.797
513.485
513.395
515.334
514.614
513.891
514.218
515.031
514.566
514.543
514.128
514.433
514.558
515.192
514.771
515.479
514.016
514.056
514.476
515.534
514.444
514.369
516.521
514.024
514.737
513.164
514.084
514.5
514.545
514.731
513.603
514.497
514.373
514.794
513.164
514.601
514.55
515.524
514.622
515.541
511.957
514.187
513.636
514.28
514.687
514.857
514.233
513.632
515.568
513.861
514.167
514.21
513.407
514.302
513.418
514.233
514.53
514.416
514.72
513.986
514.127
514.618
515.513
514.518
514.276
515.619
514.482
514.334
514.324
514.233
515.322
514.781
514.494
513.783
513.898
515.348
514.254
514.106
514.415
513.929
514.352
514.793
514.182
513.908
514.621
514.08
515.499
514.61
514.819
514.816
514.736
514.554
513.69
515.548
515.52
514.732
515.986
514.557
512.787
514.392
514.264
514.632
513.575
511.411
514.818
513.587
514.996
512.966
515.55
514.574
514.032
514.588
514.359
514.067
514.164
514.35
514.582
514.306
514.701
515.51
514.136
514.276
513.796
514.682
514.209
514.142
514.262
514.586
514.044
515.197
515.299
514.548
509.668
514.162
513.904
514.773
514.256
514.708
513.479
514.803
515.214
499.302
514.795
515.51
514.699
514.115
514.222
514.128
514.399
515.335
514.297
513.67
513.802
514.386
513.519
514.015
513.996
511.176
514.688
515.43
514.743
515.397
514.206
514.578
514.505
514.002
514.205
513.828
514.281
514.809
514.588
515.37
514.304
514.797
513.741
513.619
515.56
513.822
514.411
515.341
513.974
514.196
514.661
514.466
514.245
515.466
515.308
513.803
514.28
514.097
514.998
514.746
515.402
513.608
514.354
514.16
514.274
514.158
514.342
509.581
513.708
514.59
514.379
515.458
514.037
514.584
513.909
514.059
515.334
514.56
514.3
514.584
514.834
513.603
513.829
514.343
514.648
513.379
514.268
511.608
514.364
514.872
511.067
514.805
514.692
514.529
514.361
514.815
514.946
511.949
514.299
513.968
514.77
514.854
514.384
511.552
514.552
514.796
513.417
513.805
514.576
515.512
514.062
513.579
515.084
514.317
514.573
514.199
514.82
514.665
514.659
512.847
514.205
514.473
514.752
514.38
513.537
514.565
514.773
514.339
513.141
514.584
514.424
515.2
514.011
515.272
514.043
514.483
513.678
515.24
513.366
514.744
514.711
510.255
513.819
514.243
513.758
514.276
514.621
514.722
514.34
514.797
515.556
513.772
513.965
514.145
514.22
514.576
514.578
514.076
515.017
508.856
513.087
514.124
514.774
514.959
513.584
513.588
514.026
514.569
512.576
515.303
515.12
515.335
514.764
514.835
513.838
514.253
513.85
513.693
514.622
513.006
514.964
514.36
514.875
510.105
515.364
514.22
514.573
514.596
514.775
513.322
514.496
514.615
513.164
514.059
514.824
514.731
514.666
514.435
513.738
514.072
514.291
515.318
515.506
513.815
514.26
514.387
514.236
514.055
513.361
514.422
514.2
514.741
514.265
514.642
514.176
514.824
515.543
513.937
515.421
514.278
514.173
514.196
514.849
514.031
514.785
514.578
514.492
513.622
514.32
513.947
513.876
514.22
514.793
513.497
514.71
515.554
513.936
513.857
514.23
514.393
514.131
515.386
515.189
514.749
514.426
513.382
513.841
513.932
514.376
514.375
514.718
514.283
514.091
514.406
514.487
514.294
514.604
514.353
515.579
514.8
514.954
515.278
513.679
514.32
514.476
514.317
513.548
514.462
514.051
514.339
514.632
513.676
514.171
514.232
514.977
514.612
514.617
515.527
514.842
515.189
514.827
514.786
514.25
514.506
514.394
515.577
514.579
514.829
514.831
514.609
514.173
514.292
514.018
513.612
514.148
514.104
514.974
514.554
514.537
514.758
514.296
514.399
514.667
513.563
511.732
514.652
514.301
513.405
514.397
514.102
513.452
513.671
514.403
514.784
514.659
514.479
515.363
514.412
514.771
514.171
514.148
514.271
514.451
513.611
515.311
514.758
514.224
514.33
514.365
514.075
514.129
514.409
514.6
514.106
513.914
514.28
513.569
512.237
514.336
514.792
